,casosNovos,casosAcumulados,obitosNovos,obitosAcumulados
2020-03-29,2,2,0,0
2020-03-30,1,3,0,0
2020-03-31,0,3,0,0
2020-04-01,0,3,0,0
2020-04-02,0,3,0,0
2020-04-03,0,3,0,0
2020-04-04,0,3,0,0
2020-04-05,0,3,0,0
2020-04-06,0,3,0,0
2020-04-07,0,3,0,0
2020-04-08,1,4,0,0
2020-04-09,0,4,0,0
2020-04-10,0,4,0,0
2020-04-11,2,6,0,0
2020-04-12,0,6,0,0
2020-04-13,0,6,0,0
2020-04-14,0,6,0,0
2020-04-15,1,7,0,0
2020-04-16,0,7,0,0
2020-04-17,0,7,0,0
2020-04-18,0,7,0,0
2020-04-19,0,7,0,0
2020-04-20,0,7,0,0
2020-04-21,0,7,0,0
2020-04-22,0,7,0,0
2020-04-23,0,7,0,0
2020-04-24,0,7,0,0
2020-04-25,0,7,0,0
2020-04-26,0,7,0,0
2020-04-27,0,7,0,0
2020-04-28,0,7,0,0
2020-04-29,0,7,0,0
2020-04-30,1,8,0,0
2020-05-01,1,9,0,0
2020-05-02,0,9,0,0
2020-05-03,0,9,0,0
2020-05-04,0,9,0,0
2020-05-05,1,10,0,0
2020-05-06,0,10,0,0
2020-05-07,5,15,0,0
2020-05-08,0,15,0,0
2020-05-09,1,16,0,0
2020-05-10,1,17,0,0
2020-05-11,2,19,0,0
2020-05-12,1,20,0,0
2020-05-13,1,21,0,0
2020-05-14,1,22,0,0
2020-05-15,1,23,0,0
2020-05-16,0,23,0,0
2020-05-17,0,23,0,0
2020-05-18,0,23,0,0
2020-05-19,0,23,0,0
2020-05-20,0,23,0,0
2020-05-21,0,23,0,0
2020-05-22,3,26,0,0
2020-05-23,2,28,0,0
2020-05-24,1,29,0,0
2020-05-25,0,29,0,0
2020-05-26,1,30,0,0
2020-05-27,1,31,0,0
2020-05-28,1,32,0,0
2020-05-29,2,34,0,0
2020-05-30,2,36,0,0
2020-05-31,3,39,0,0
2020-06-01,1,40,0,0
2020-06-02,4,44,0,0
2020-06-03,3,47,0,0
2020-06-04,2,49,0,0
2020-06-05,5,54,0,0
2020-06-06,0,54,0,0
2020-06-07,0,54,0,0
2020-06-08,2,56,0,0
2020-06-09,6,62,0,0
2020-06-10,5,67,1,1
2020-06-11,1,68,0,1
2020-06-12,3,71,0,1
2020-06-13,2,73,0,1
2020-06-14,3,76,0,1
2020-06-15,4,80,0,1
2020-06-16,4,84,1,2
2020-06-17,2,86,0,2
2020-06-18,14,100,0,2
2020-06-19,15,115,0,2
2020-06-20,11,126,0,2
2020-06-21,12,138,0,2
2020-06-22,2,140,0,2
2020-06-23,9,149,0,2
2020-06-24,9,158,0,2
2020-06-25,10,168,0,2
2020-06-26,2,170,0,2
2020-06-27,3,173,0,2
2020-06-28,13,186,1,3
2020-06-29,22,208,0,3
2020-06-30,11,219,0,3
2020-07-01,23,242,0,3
2020-07-02,18,260,0,3
2020-07-03,35,295,0,3
2020-07-04,24,319,0,3
2020-07-05,14,333,1,4
2020-07-06,9,342,1,5
2020-07-07,23,365,1,6
2020-07-08,23,388,0,6
2020-07-09,24,412,0,6
2020-07-10,11,423,1,7
2020-07-11,36,459,0,7
2020-07-12,10,469,1,8
2020-07-13,11,480,0,8
2020-07-14,34,514,0,8
2020-07-15,29,543,0,8
2020-07-16,5,548,0,8
2020-07-17,29,577,1,9
2020-07-18,20,597,0,9
2020-07-19,17,614,0,9
2020-07-20,4,618,0,9
2020-07-21,56,674,1,10
2020-07-22,32,706,1,11
2020-07-23,28,734,1,12
2020-07-24,44,778,0,12
2020-07-25,19,797,0,12
2020-07-26,13,810,0,12
2020-07-27,25,835,0,12
2020-07-28,8,843,1,13
2020-07-29,6,849,0,13
2020-07-30,29,878,0,13
2020-07-31,45,923,1,14
2020-08-01,29,952,1,15
2020-08-02,28,980,4,19
2020-08-03,32,1012,4,23
2020-08-04,19,1031,0,23
2020-08-05,23,1054,0,23
2020-08-06,46,1100,2,25
2020-08-07,24,1124,1,26
2020-08-08,20,1144,2,28
2020-08-09,16,1160,2,30
2020-08-10,7,1167,1,31
2020-08-11,31,1198,0,31
2020-08-12,21,1219,1,32
2020-08-13,20,1239,1,33
2020-08-14,25,1264,1,34
2020-08-15,31,1295,1,35
2020-08-16,15,1310,0,35
2020-08-17,8,1318,0,35
2020-08-18,29,1347,0,35
2020-08-19,21,1368,0,35
2020-08-20,13,1381,1,36
2020-08-21,36,1417,2,38
2020-08-22,17,1434,1,39
2020-08-23,5,1439,1,40
2020-08-24,7,1446,0,40
2020-08-25,16,1462,2,42
2020-08-26,18,1480,0,42
2020-08-27,13,1493,0,42
2020-08-28,29,1522,1,43
2020-08-29,9,1531,0,43
2020-08-30,4,1535,1,44
2020-08-31,7,1542,1,45
2020-09-01,31,1573,1,46
2020-09-02,27,1600,2,48
2020-09-03,24,1624,1,49
2020-09-04,13,1637,0,49
2020-09-05,9,1646,0,49
2020-09-06,3,1649,2,51
2020-09-07,7,1656,1,52
2020-09-08,1,1657,0,52
2020-09-09,25,1682,1,53
2020-09-10,13,1695,0,53
2020-09-11,14,1709,2,55
2020-09-12,13,1722,2,57
2020-09-13,11,1733,0,57
2020-09-14,4,1737,0,57
2020-09-15,15,1752,1,58
2020-09-16,27,1779,0,58
2020-09-17,18,1797,1,59
2020-09-18,21,1818,1,60
2020-09-19,14,1832,2,62
2020-09-20,3,1835,0,62
2020-09-21,11,1846,0,62
2020-09-22,14,1860,3,65
2020-09-23,10,1870,0,65
2020-09-24,13,1883,0,65
2020-09-25,15,1898,2,67
2020-09-26,5,1903,0,67
2020-09-27,4,1907,1,68
2020-09-28,8,1915,0,68
2020-09-29,16,1931,0,68
2020-09-30,13,1944,1,69
2020-10-01,11,1955,0,69
2020-10-02,17,1972,1,70
2020-10-03,7,1979,0,70
2020-10-04,1,1980,1,71
2020-10-05,11,1991,1,72
2020-10-06,17,2008,0,72
2020-10-07,9,2017,0,72
2020-10-08,6,2023,0,72
2020-10-09,8,2031,0,72
2020-10-10,7,2038,1,73
2020-10-11,1,2039,0,73
2020-10-12,1,2040,0,73
2020-10-13,2,2042,0,73
2020-10-14,11,2053,0,73
2020-10-15,15,2068,0,73
2020-10-16,7,2075,0,73
2020-10-17,4,2079,0,73
2020-10-18,9,2088,1,74
2020-10-19,2,2090,0,74
2020-10-20,15,2105,0,74
2020-10-21,10,2115,0,74
2020-10-22,8,2123,0,74
2020-10-23,10,2133,0,74
2020-10-24,7,2140,1,75
2020-10-25,2,2142,0,75
2020-10-26,2,2144,0,75
2020-10-27,10,2154,0,75
2020-10-28,15,2169,0,75
2020-10-29,5,2174,0,75
2020-10-30,3,2177,1,76
2020-10-31,24,2201,0,76
2020-11-01,11,2212,0,76
2020-11-02,3,2215,0,76
2020-11-03,10,2225,0,76
2020-11-04,14,2239,0,76
2020-11-05,18,2257,0,76
2020-11-06,21,2278,0,76
2020-11-07,18,2296,0,76
2020-11-08,0,2296,0,76
2020-11-09,7,2303,0,76
2020-11-10,13,2316,0,76
2020-11-11,40,2356,1,77
2020-11-12,4,2360,0,77
2020-11-13,32,2392,0,77
2020-11-14,38,2430,1,78
2020-11-15,9,2439,0,78
2020-11-16,6,2445,0,78
2020-11-17,45,2490,0,78
2020-11-18,56,2546,0,78
2020-11-19,4,2550,0,78
2020-11-20,37,2587,0,78
2020-11-21,31,2618,0,78
2020-11-22,27,2645,0,78
2020-11-23,11,2656,0,78
2020-11-24,18,2674,0,78
2020-11-25,84,2758,0,78
2020-11-26,20,2778,0,78
2020-11-27,54,2832,1,79
2020-11-28,7,2839,0,79
2020-11-29,81,2920,1,80
2020-11-30,46,2966,1,81
2020-12-01,18,2984,0,81
2020-12-02,36,3020,1,82
2020-12-03,39,3059,0,82
2020-12-04,41,3100,1,83
2020-12-05,49,3149,0,83
2020-12-06,11,3160,0,83
2020-12-07,68,3228,0,83
2020-12-08,71,3299,1,84
2020-12-09,19,3318,1,85
2020-12-10,13,3331,2,87
2020-12-11,78,3409,1,88
2020-12-12,51,3460,0,88
2020-12-13,5,3465,1,89
2020-12-14,39,3504,5,94
2020-12-15,54,3558,1,95
2020-12-16,10,3568,1,96
2020-12-17,104,3672,0,96
2020-12-18,27,3699,3,99
2020-12-19,18,3717,0,99
2020-12-20,6,3723,1,100
2020-12-21,37,3760,3,103
2020-12-22,10,3770,3,106
2020-12-23,12,3782,2,108
2020-12-24,41,3823,1,109
2020-12-25,11,3834,2,111
2020-12-26,33,3867,1,112
2020-12-27,7,3874,0,112
2020-12-28,7,3881,0,112
2020-12-29,7,3888,1,113
2020-12-30,78,3966,0,113
2020-12-31,27,3993,1,114
2021-01-01,3,3996,0,114
2021-01-02,2,3998,0,114
2021-01-03,3,4001,0,114
2021-01-04,17,4018,0,114
2021-01-05,17,4035,1,115
2021-01-06,86,4121,1,116
2021-01-07,10,4131,0,116
2021-01-08,42,4173,1,117
2021-01-09,7,4180,0,117
2021-01-10,26,4206,1,118
2021-01-11,11,4217,2,120
2021-01-12,58,4275,2,122
2021-01-13,24,4299,0,122
2021-01-14,38,4337,1,123
2021-01-15,20,4357,0,123
2021-01-16,12,4369,0,123
2021-01-17,1,4370,0,123
2021-01-18,11,4381,0,123
2021-01-19,39,4420,0,123
2021-01-20,21,4441,0,123
2021-01-21,30,4471,1,124
2021-01-22,15,4486,1,125
2021-01-23,20,4506,0,125
2021-01-24,4,4510,2,127
2021-01-25,12,4522,1,128
2021-01-26,12,4534,2,130
2021-01-27,23,4557,0,130
2021-01-28,14,4571,1,131
2021-01-29,10,4581,2,133
2021-01-30,13,4594,0,133
2021-01-31,3,4597,2,135
2021-02-01,9,4606,0,135
2021-02-02,5,4611,1,136
2021-02-03,5,4616,1,137
2021-02-04,23,4639,0,137
2021-02-05,27,4666,1,138
2021-02-06,12,4678,1,139
2021-02-07,0,4678,0,139
2021-02-08,4,4682,0,139
2021-02-09,3,4685,1,140
2021-02-10,36,4721,0,140
2021-02-11,59,4780,0,140
2021-02-12,16,4796,0,140
2021-02-13,16,4812,0,140
2021-02-14,15,4827,0,140
2021-02-15,0,4827,1,141
2021-02-16,4,4831,2,143
2021-02-17,6,4837,0,143
2021-02-18,13,4850,2,145
2021-02-19,11,4861,0,145
2021-02-20,121,4982,4,149
2021-02-21,38,5020,1,150
2021-02-22,17,5037,1,151
2021-02-23,15,5052,1,152
2021-02-24,124,5176,3,155
2021-02-25,11,5187,1,156
2021-02-26,90,5277,2,158
2021-02-27,63,5340,1,159
2021-02-28,66,5406,5,164
2021-03-01,12,5418,1,165
2021-03-02,39,5457,1,166
2021-03-03,67,5524,7,173
2021-03-04,95,5619,2,175
2021-03-05,88,5707,0,175
2021-03-06,43,5750,1,176
2021-03-07,53,5803,2,178
2021-03-08,32,5835,4,182
2021-03-09,20,5855,4,186
2021-03-10,154,6009,1,187
2021-03-11,41,6050,6,193
2021-03-12,59,6109,6,199
2021-03-13,10,6119,5,204
2021-03-14,82,6201,2,206
2021-03-15,27,6228,5,211
2021-03-16,22,6250,5,216
2021-03-17,23,6273,2,218
2021-03-18,179,6452,2,220
2021-03-19,100,6552,4,224
2021-03-20,47,6599,1,225
2021-03-21,6,6605,1,226
2021-03-22,80,6685,4,230
2021-03-23,26,6711,4,234
2021-03-24,76,6787,3,237
2021-03-25,110,6897,7,244
2021-03-26,43,6940,4,248
2021-03-27,31,6971,1,249
2021-03-28,3,6974,3,252
2021-03-29,16,6990,3,255
2021-03-30,7,6997,3,258
2021-03-31,104,7101,3,261
2021-04-01,43,7144,4,265
2021-04-02,1,7145,2,267
2021-04-03,25,7170,1,268
2021-04-04,3,7173,1,269
2021-04-05,16,7189,1,270
2021-04-06,8,7197,1,271
2021-04-07,44,7241,0,271
2021-04-08,32,7273,0,271
2021-04-09,34,7307,3,274
2021-04-10,13,7320,1,275
2021-04-11,5,7325,2,277
2021-04-12,45,7370,3,280
2021-04-13,43,7413,1,281
2021-04-14,42,7455,0,281
2021-04-15,53,7508,0,281
2021-04-16,25,7533,0,281
2021-04-17,13,7546,2,283
2021-04-18,2,7548,0,283
2021-04-19,35,7583,1,284
2021-04-20,9,7592,0,284
2021-04-21,16,7608,0,284
2021-04-22,3,7611,1,285
2021-04-23,27,7638,0,285
2021-04-24,14,7652,0,285
2021-04-25,1,7653,0,285
2021-04-26,14,7667,0,285
