,casosNovos,casosAcumulados,obitosNovos,obitosAcumulados
2020-03-31,2,2,0,0
2020-04-01,0,2,0,0
2020-04-02,2,4,0,0
2020-04-03,0,4,0,0
2020-04-04,0,4,0,0
2020-04-05,0,4,0,0
2020-04-06,0,4,0,0
2020-04-07,1,5,0,0
2020-04-08,1,6,0,0
2020-04-09,1,7,0,0
2020-04-10,0,7,0,0
2020-04-11,0,7,0,0
2020-04-12,0,7,0,0
2020-04-13,0,7,0,0
2020-04-14,1,8,0,0
2020-04-15,0,8,0,0
2020-04-16,0,8,0,0
2020-04-17,0,8,0,0
2020-04-18,0,8,0,0
2020-04-19,0,8,0,0
2020-04-20,1,9,0,0
2020-04-21,2,11,0,0
2020-04-22,1,12,0,0
2020-04-23,0,12,0,0
2020-04-24,0,12,0,0
2020-04-25,0,12,0,0
2020-04-26,0,12,0,0
2020-04-27,0,12,0,0
2020-04-28,1,13,0,0
2020-04-29,1,14,0,0
2020-04-30,1,15,0,0
2020-05-01,0,15,0,0
2020-05-02,0,15,0,0
2020-05-03,0,15,0,0
2020-05-04,0,15,0,0
2020-05-05,0,15,0,0
2020-05-06,2,17,0,0
2020-05-07,5,22,0,0
2020-05-08,2,24,0,0
2020-05-09,1,25,0,0
2020-05-10,0,25,0,0
2020-05-11,1,26,0,0
2020-05-12,0,26,0,0
2020-05-13,4,30,0,0
2020-05-14,9,39,0,0
2020-05-15,7,46,0,0
2020-05-16,1,47,0,0
2020-05-17,0,47,0,0
2020-05-18,6,53,0,0
2020-05-19,1,54,0,0
2020-05-20,2,56,0,0
2020-05-21,3,59,0,0
2020-05-22,1,60,0,0
2020-05-23,5,65,0,0
2020-05-24,3,68,0,0
2020-05-25,1,69,0,0
2020-05-26,12,81,0,0
2020-05-27,15,96,0,0
2020-05-28,23,119,0,0
2020-05-29,2,121,0,0
2020-05-30,4,125,0,0
2020-05-31,2,127,0,0
2020-06-01,10,137,0,0
2020-06-02,1,138,0,0
2020-06-03,6,144,0,0
2020-06-04,7,151,0,0
2020-06-05,0,151,0,0
2020-06-06,5,156,1,1
2020-06-07,4,160,0,1
2020-06-08,9,169,0,1
2020-06-09,16,185,0,1
2020-06-10,10,195,0,1
2020-06-11,0,195,1,2
2020-06-12,16,211,0,2
2020-06-13,15,226,0,2
2020-06-14,2,228,0,2
2020-06-15,5,233,0,2
2020-06-16,37,270,0,2
2020-06-17,27,297,0,2
2020-06-18,20,317,0,2
2020-06-19,8,325,0,2
2020-06-20,35,360,0,2
2020-06-21,6,366,0,2
2020-06-22,27,393,1,3
2020-06-23,18,411,1,4
2020-06-24,19,430,1,5
2020-06-25,36,466,0,5
2020-06-26,21,487,0,5
2020-06-27,5,492,3,8
2020-06-28,7,499,2,10
2020-06-29,88,587,0,10
2020-06-30,48,635,0,10
2020-07-01,77,712,0,10
2020-07-02,45,757,1,11
2020-07-03,32,789,1,12
2020-07-04,83,872,2,14
2020-07-05,7,879,1,15
2020-07-06,101,980,3,18
2020-07-07,42,1022,1,19
2020-07-08,23,1045,1,20
2020-07-09,32,1077,0,20
2020-07-10,62,1139,0,20
2020-07-11,48,1187,0,20
2020-07-12,35,1222,0,20
2020-07-13,76,1298,2,22
2020-07-14,41,1339,0,22
2020-07-15,71,1410,0,22
2020-07-16,33,1443,0,22
2020-07-17,33,1476,0,22
2020-07-18,27,1503,0,22
2020-07-19,2,1505,0,22
2020-07-20,43,1548,1,23
2020-07-21,105,1653,0,23
2020-07-22,18,1671,1,24
2020-07-23,66,1737,0,24
2020-07-24,29,1766,1,25
2020-07-25,43,1809,0,25
2020-07-26,53,1862,1,26
2020-07-27,100,1962,0,26
2020-07-28,45,2007,0,26
2020-07-29,37,2044,1,27
2020-07-30,49,2093,1,28
2020-07-31,28,2121,0,28
2020-08-01,107,2228,0,28
2020-08-02,31,2259,2,30
2020-08-03,78,2337,2,32
2020-08-04,35,2372,0,32
2020-08-05,50,2422,1,33
2020-08-06,38,2460,0,33
2020-08-07,49,2509,0,33
2020-08-08,33,2542,0,33
2020-08-09,33,2575,1,34
2020-08-10,50,2625,0,34
2020-08-11,35,2660,0,34
2020-08-12,60,2720,0,34
2020-08-13,14,2734,1,35
2020-08-14,51,2785,1,36
2020-08-15,6,2791,1,37
2020-08-16,26,2817,1,38
2020-08-17,35,2852,1,39
2020-08-18,70,2922,0,39
2020-08-19,16,2938,0,39
2020-08-20,46,2984,0,39
2020-08-21,49,3033,0,39
2020-08-22,63,3096,1,40
2020-08-23,50,3146,1,41
2020-08-24,31,3177,0,41
2020-08-25,43,3220,0,41
2020-08-26,55,3275,0,41
2020-08-27,71,3346,0,41
2020-08-28,52,3398,0,41
2020-08-29,31,3429,0,41
2020-08-30,18,3447,1,42
2020-08-31,42,3489,0,42
2020-09-01,35,3524,1,43
2020-09-02,41,3565,4,47
2020-09-03,40,3605,1,48
2020-09-04,51,3656,0,48
2020-09-05,11,3667,1,49
2020-09-06,53,3720,0,49
2020-09-07,52,3772,1,50
2020-09-08,24,3796,1,51
2020-09-09,46,3842,0,51
2020-09-10,52,3894,0,51
2020-09-11,96,3990,2,53
2020-09-12,13,4003,0,53
2020-09-13,24,4027,0,53
2020-09-14,47,4074,0,53
2020-09-15,28,4102,0,53
2020-09-16,48,4150,1,54
2020-09-17,37,4187,0,54
2020-09-18,35,4222,1,55
2020-09-19,28,4250,1,56
2020-09-20,10,4260,2,58
2020-09-21,20,4280,1,59
2020-09-22,32,4312,0,59
2020-09-23,36,4348,1,60
2020-09-24,33,4381,0,60
2020-09-25,57,4438,0,60
2020-09-26,19,4457,0,60
2020-09-27,16,4473,2,62
2020-09-28,19,4492,0,62
2020-09-29,13,4505,1,63
2020-09-30,26,4531,2,65
2020-10-01,19,4550,1,66
2020-10-02,24,4574,0,66
2020-10-03,30,4604,2,68
2020-10-04,8,4612,1,69
2020-10-05,18,4630,2,71
2020-10-06,25,4655,0,71
2020-10-07,22,4677,0,71
2020-10-08,30,4707,0,71
2020-10-09,45,4752,0,71
2020-10-10,27,4779,0,71
2020-10-11,17,4796,0,71
2020-10-12,34,4830,0,71
2020-10-13,7,4837,0,71
2020-10-14,14,4851,0,71
2020-10-15,17,4868,0,71
2020-10-16,32,4900,0,71
2020-10-17,3,4903,1,72
2020-10-18,29,4932,0,72
2020-10-19,30,4962,0,72
2020-10-20,37,4999,1,73
2020-10-21,6,5005,1,74
2020-10-22,74,5079,0,74
2020-10-23,34,5113,0,74
2020-10-24,0,5113,0,74
2020-10-25,64,5177,0,74
2020-10-26,51,5228,0,74
2020-10-27,30,5258,0,74
2020-10-28,11,5269,0,74
2020-10-29,61,5330,0,74
2020-10-30,80,5410,0,74
2020-10-31,1,5411,0,74
2020-11-01,78,5489,0,74
2020-11-02,22,5511,0,74
2020-11-03,19,5530,1,75
2020-11-04,47,5577,1,76
2020-11-05,7,5584,1,77
2020-11-06,60,5644,0,77
2020-11-07,82,5726,0,77
2020-11-08,81,5807,0,77
2020-11-09,74,5881,0,77
2020-11-10,43,5924,1,78
2020-11-11,65,5989,0,78
2020-11-12,95,6084,0,78
2020-11-13,140,6224,0,78
2020-11-14,99,6323,0,78
2020-11-15,70,6393,1,79
2020-11-16,64,6457,1,80
2020-11-17,99,6556,1,81
2020-11-18,15,6571,0,81
2020-11-19,141,6712,0,81
2020-11-20,64,6776,0,81
2020-11-21,79,6855,0,81
2020-11-22,68,6923,1,82
2020-11-23,123,7046,2,84
2020-11-24,144,7190,0,84
2020-11-25,84,7274,1,85
2020-11-26,8,7282,0,85
2020-11-27,36,7318,1,86
2020-11-28,246,7564,2,88
2020-11-29,44,7608,1,89
2020-11-30,84,7692,1,90
2020-12-01,104,7796,1,91
2020-12-02,199,7995,3,94
2020-12-03,60,8055,2,96
2020-12-04,156,8211,2,98
2020-12-05,68,8279,0,98
2020-12-06,84,8363,0,98
2020-12-07,246,8609,3,101
2020-12-08,90,8699,0,101
2020-12-09,43,8742,1,102
2020-12-10,114,8856,1,103
2020-12-11,125,8981,0,103
2020-12-12,120,9101,3,106
2020-12-13,117,9218,3,109
2020-12-14,88,9306,0,109
2020-12-15,60,9366,2,111
2020-12-16,10,9376,1,112
2020-12-17,124,9500,0,112
2020-12-18,27,9527,1,113
2020-12-19,96,9623,0,113
2020-12-20,68,9691,2,115
2020-12-21,105,9796,1,116
2020-12-22,64,9860,1,117
2020-12-23,131,9991,0,117
2020-12-24,76,10067,0,117
2020-12-25,35,10102,1,118
2020-12-26,2,10104,0,118
2020-12-27,143,10247,0,118
2020-12-28,27,10274,0,118
2020-12-29,21,10295,3,121
2020-12-30,156,10451,0,121
2020-12-31,5,10456,1,122
2021-01-01,72,10528,2,124
2021-01-02,146,10674,1,125
2021-01-03,43,10717,0,125
2021-01-04,13,10730,0,125
2021-01-05,63,10793,0,125
2021-01-06,16,10809,1,126
2021-01-07,90,10899,2,128
2021-01-08,43,10942,0,128
2021-01-09,67,11009,0,128
2021-01-10,55,11064,0,128
2021-01-11,109,11173,1,129
2021-01-12,47,11220,1,130
2021-01-13,7,11227,2,132
2021-01-14,169,11396,2,134
2021-01-15,83,11479,1,135
2021-01-16,44,11523,3,138
2021-01-17,63,11586,0,138
2021-01-18,40,11626,1,139
2021-01-19,35,11661,0,139
2021-01-20,3,11664,1,140
2021-01-21,144,11808,1,141
2021-01-22,45,11853,0,141
2021-01-23,45,11898,1,142
2021-01-24,46,11944,2,144
2021-01-25,47,11991,2,146
2021-01-26,37,12028,0,146
2021-01-27,7,12035,2,148
2021-01-28,121,12156,0,148
2021-01-29,13,12169,1,149
2021-01-30,50,12219,0,149
2021-01-31,78,12297,2,151
2021-02-01,22,12319,0,151
2021-02-02,36,12355,1,152
2021-02-03,9,12364,0,152
2021-02-04,71,12435,2,154
2021-02-05,43,12478,1,155
2021-02-06,41,12519,0,155
2021-02-07,16,12535,1,156
2021-02-08,31,12566,1,157
2021-02-09,37,12603,1,158
2021-02-10,62,12665,0,158
2021-02-11,6,12671,0,158
2021-02-12,28,12699,0,158
2021-02-13,31,12730,0,158
2021-02-14,3,12733,0,158
2021-02-15,7,12740,0,158
2021-02-16,65,12805,2,160
2021-02-17,59,12864,0,160
2021-02-18,76,12940,1,161
2021-02-19,74,13014,2,163
2021-02-20,63,13077,0,163
2021-02-21,77,13154,0,163
2021-02-22,98,13252,1,164
2021-02-23,56,13308,1,165
2021-02-24,80,13388,2,167
2021-02-25,88,13476,0,167
2021-02-26,52,13528,0,167
2021-02-27,14,13542,0,167
2021-02-28,50,13592,2,169
2021-03-01,161,13753,0,169
2021-03-02,65,13818,2,171
2021-03-03,84,13902,0,171
2021-03-04,40,13942,2,173
2021-03-05,181,14123,2,175
2021-03-06,82,14205,0,175
2021-03-07,111,14316,2,177
2021-03-08,226,14542,2,179
2021-03-09,57,14599,4,183
2021-03-10,100,14699,4,187
2021-03-11,116,14815,2,189
2021-03-12,35,14850,1,190
2021-03-13,146,14996,1,191
2021-03-14,208,15204,2,193
2021-03-15,177,15381,3,196
2021-03-16,103,15484,5,201
2021-03-17,57,15541,3,204
2021-03-18,135,15676,1,205
2021-03-19,136,15812,2,207
2021-03-20,190,16002,3,210
2021-03-21,241,16243,4,214
2021-03-22,229,16472,6,220
2021-03-23,127,16599,1,221
2021-03-24,154,16753,4,225
2021-03-25,166,16919,3,228
2021-03-26,102,17021,2,230
2021-03-27,169,17190,2,232
2021-03-28,69,17259,3,235
2021-03-29,96,17355,3,238
2021-03-30,74,17429,3,241
2021-03-31,112,17541,3,244
2021-04-01,129,17670,4,248
2021-04-02,83,17753,1,249
2021-04-03,128,17881,1,250
2021-04-04,64,17945,1,251
2021-04-05,43,17988,3,254
2021-04-06,20,18008,0,254
2021-04-07,68,18076,2,256
2021-04-08,75,18151,2,258
2021-04-09,72,18223,2,260
2021-04-10,51,18274,7,267
2021-04-11,68,18342,5,272
2021-04-12,56,18398,2,274
2021-04-13,26,18424,3,277
2021-04-14,76,18500,1,278
2021-04-15,66,18566,0,278
2021-04-16,88,18654,1,279
2021-04-17,71,18725,3,282
2021-04-18,61,18786,2,284
2021-04-19,97,18883,1,285
2021-04-20,23,18906,1,286
2021-04-21,47,18953,0,286
2021-04-22,78,19031,3,289
2021-04-23,57,19088,0,289
2021-04-24,2,19090,2,291
2021-04-25,48,19138,2,293
2021-04-26,37,19175,0,293
