,casosNovos,casosAcumulados,obitosNovos,obitosAcumulados
2020-03-18,1,1,0,0
2020-03-19,0,1,0,0
2020-03-20,1,2,0,0
2020-03-21,0,2,0,0
2020-03-22,0,2,0,0
2020-03-23,1,3,0,0
2020-03-24,0,3,0,0
2020-03-25,0,3,0,0
2020-03-26,0,3,0,0
2020-03-27,1,4,0,0
2020-03-28,1,5,0,0
2020-03-29,1,6,0,0
2020-03-30,0,6,0,0
2020-03-31,1,7,0,0
2020-04-01,0,7,0,0
2020-04-02,1,8,0,0
2020-04-03,4,12,0,0
2020-04-04,1,13,0,0
2020-04-05,0,13,0,0
2020-04-06,0,13,0,0
2020-04-07,2,15,0,0
2020-04-08,2,17,1,1
2020-04-09,2,19,0,1
2020-04-10,0,19,0,1
2020-04-11,1,20,0,1
2020-04-12,0,20,0,1
2020-04-13,1,21,0,1
2020-04-14,0,21,1,2
2020-04-15,0,21,0,2
2020-04-16,0,21,0,2
2020-04-17,4,25,0,2
2020-04-18,0,25,0,2
2020-04-19,1,26,0,2
2020-04-20,0,26,0,2
2020-04-21,0,26,0,2
2020-04-22,0,26,0,2
2020-04-23,0,26,0,2
2020-04-24,5,31,0,2
2020-04-25,0,31,0,2
2020-04-26,0,31,0,2
2020-04-27,0,31,0,2
2020-04-28,0,31,0,2
2020-04-29,0,31,0,2
2020-04-30,1,32,0,2
2020-05-01,0,32,0,2
2020-05-02,0,32,0,2
2020-05-03,1,33,0,2
2020-05-04,0,33,0,2
2020-05-05,1,34,0,2
2020-05-06,2,36,0,2
2020-05-07,1,37,0,2
2020-05-08,1,38,0,2
2020-05-09,0,38,0,2
2020-05-10,0,38,0,2
2020-05-11,0,38,0,2
2020-05-12,2,40,0,2
2020-05-13,0,40,0,2
2020-05-14,3,43,0,2
2020-05-15,1,44,0,2
2020-05-16,0,44,0,2
2020-05-17,1,45,0,2
2020-05-18,1,46,0,2
2020-05-19,3,49,0,2
2020-05-20,0,49,0,2
2020-05-21,0,49,0,2
2020-05-22,2,51,0,2
2020-05-23,1,52,0,2
2020-05-24,0,52,0,2
2020-05-25,1,53,0,2
2020-05-26,1,54,0,2
2020-05-27,1,55,0,2
2020-05-28,0,55,0,2
2020-05-29,0,55,0,2
2020-05-30,1,56,0,2
2020-05-31,3,59,0,2
2020-06-01,1,60,0,2
2020-06-02,2,62,0,2
2020-06-03,3,65,0,2
2020-06-04,2,67,0,2
2020-06-05,5,72,0,2
2020-06-06,7,79,0,2
2020-06-07,4,83,0,2
2020-06-08,6,89,0,2
2020-06-09,5,94,0,2
2020-06-10,9,103,0,2
2020-06-11,2,105,0,2
2020-06-12,15,120,0,2
2020-06-13,11,131,0,2
2020-06-14,6,137,0,2
2020-06-15,18,155,0,2
2020-06-16,9,164,2,4
2020-06-17,22,186,0,4
2020-06-18,10,196,0,4
2020-06-19,5,201,0,4
2020-06-20,33,234,0,4
2020-06-21,12,246,0,4
2020-06-22,32,278,1,5
2020-06-23,13,291,0,5
2020-06-24,5,296,0,5
2020-06-25,30,326,2,7
2020-06-26,61,387,0,7
2020-06-27,12,399,0,7
2020-06-28,32,431,0,7
2020-06-29,24,455,3,10
2020-06-30,25,480,1,11
2020-07-01,57,537,0,11
2020-07-02,73,610,0,11
2020-07-03,51,661,2,13
2020-07-04,56,717,0,13
2020-07-05,41,758,1,14
2020-07-06,54,812,0,14
2020-07-07,45,857,0,14
2020-07-08,31,888,0,14
2020-07-09,72,960,1,15
2020-07-10,22,982,1,16
2020-07-11,51,1033,0,16
2020-07-12,85,1118,1,17
2020-07-13,51,1169,1,18
2020-07-14,50,1219,0,18
2020-07-15,52,1271,1,19
2020-07-16,41,1312,3,22
2020-07-17,45,1357,1,23
2020-07-18,31,1388,0,23
2020-07-19,68,1456,2,25
2020-07-20,17,1473,0,25
2020-07-21,48,1521,2,27
2020-07-22,33,1554,3,30
2020-07-23,54,1608,1,31
2020-07-24,42,1650,0,31
2020-07-25,19,1669,1,32
2020-07-26,4,1673,0,32
2020-07-27,41,1714,1,33
2020-07-28,29,1743,0,33
2020-07-29,30,1773,0,33
2020-07-30,13,1786,0,33
2020-07-31,35,1821,3,36
2020-08-01,31,1852,0,36
2020-08-02,44,1896,1,37
2020-08-03,44,1940,1,38
2020-08-04,41,1981,4,42
2020-08-05,36,2017,0,42
2020-08-06,45,2062,0,42
2020-08-07,38,2100,0,42
2020-08-08,17,2117,5,47
2020-08-09,56,2173,1,48
2020-08-10,35,2208,0,48
2020-08-11,29,2237,2,50
2020-08-12,51,2288,0,50
2020-08-13,18,2306,0,50
2020-08-14,50,2356,1,51
2020-08-15,41,2397,0,51
2020-08-16,52,2449,1,52
2020-08-17,60,2509,0,52
2020-08-18,24,2533,3,55
2020-08-19,46,2579,1,56
2020-08-20,34,2613,0,56
2020-08-21,27,2640,1,57
2020-08-22,37,2677,0,57
2020-08-23,18,2695,1,58
2020-08-24,26,2721,1,59
2020-08-25,23,2744,0,59
2020-08-26,40,2784,0,59
2020-08-27,50,2834,1,60
2020-08-28,33,2867,1,61
2020-08-29,44,2911,2,63
2020-08-30,26,2937,1,64
2020-08-31,31,2968,1,65
2020-09-01,16,2984,1,66
2020-09-02,43,3027,0,66
2020-09-03,33,3060,0,66
2020-09-04,27,3087,3,69
2020-09-05,18,3105,0,69
2020-09-06,12,3117,1,70
2020-09-07,7,3124,0,70
2020-09-08,9,3133,0,70
2020-09-09,30,3163,0,70
2020-09-10,41,3204,1,71
2020-09-11,16,3220,1,72
2020-09-12,15,3235,1,73
2020-09-13,28,3263,0,73
2020-09-14,15,3278,2,75
2020-09-15,27,3305,0,75
2020-09-16,23,3328,0,75
2020-09-17,16,3344,1,76
2020-09-18,20,3364,3,79
2020-09-19,13,3377,0,79
2020-09-20,13,3390,1,80
2020-09-21,15,3405,0,80
2020-09-22,20,3425,2,82
2020-09-23,20,3445,2,84
2020-09-24,15,3460,0,84
2020-09-25,53,3513,0,84
2020-09-26,19,3532,0,84
2020-09-27,14,3546,0,84
2020-09-28,14,3560,3,87
2020-09-29,13,3573,0,87
2020-09-30,19,3592,1,88
2020-10-01,17,3609,1,89
2020-10-02,7,3616,0,89
2020-10-03,5,3621,2,91
2020-10-04,4,3625,0,91
2020-10-05,11,3636,1,92
2020-10-06,12,3648,0,92
2020-10-07,18,3666,0,92
2020-10-08,10,3676,0,92
2020-10-09,13,3689,0,92
2020-10-10,2,3691,1,93
2020-10-11,2,3693,0,93
2020-10-12,4,3697,0,93
2020-10-13,3,3700,0,93
2020-10-14,9,3709,0,93
2020-10-15,8,3717,0,93
2020-10-16,8,3725,0,93
2020-10-17,10,3735,0,93
2020-10-18,6,3741,0,93
2020-10-19,11,3752,1,94
2020-10-20,8,3760,0,94
2020-10-21,8,3768,2,96
2020-10-22,15,3783,0,96
2020-10-23,10,3793,0,96
2020-10-24,11,3804,0,96
2020-10-25,7,3811,1,97
2020-10-26,19,3830,0,97
2020-10-27,25,3855,0,97
2020-10-28,22,3877,0,97
2020-10-29,19,3896,0,97
2020-10-30,30,3926,0,97
2020-10-31,17,3943,1,98
2020-11-01,3,3946,0,98
2020-11-02,11,3957,0,98
2020-11-03,16,3973,0,98
2020-11-04,23,3996,0,98
2020-11-05,28,4024,1,99
2020-11-06,13,4037,0,99
2020-11-07,52,4089,0,99
2020-11-08,15,4104,1,100
2020-11-09,9,4113,0,100
2020-11-10,18,4131,0,100
2020-11-11,33,4164,0,100
2020-11-12,37,4201,0,100
2020-11-13,46,4247,1,101
2020-11-14,36,4283,0,101
2020-11-15,73,4356,0,101
2020-11-16,58,4414,2,103
2020-11-17,53,4467,0,103
2020-11-18,59,4526,0,103
2020-11-19,19,4545,0,103
2020-11-20,89,4634,1,104
2020-11-21,22,4656,0,104
2020-11-22,32,4688,1,105
2020-11-23,88,4776,1,106
2020-11-24,140,4916,0,106
2020-11-25,103,5019,1,107
2020-11-26,45,5064,1,108
2020-11-27,83,5147,1,109
2020-11-28,42,5189,0,109
2020-11-29,60,5249,0,109
2020-11-30,84,5333,1,110
2020-12-01,133,5466,0,110
2020-12-02,54,5520,0,110
2020-12-03,42,5562,0,110
2020-12-04,118,5680,1,111
2020-12-05,12,5692,1,112
2020-12-06,90,5782,0,112
2020-12-07,60,5842,1,113
2020-12-08,106,5948,0,113
2020-12-09,110,6058,2,115
2020-12-10,37,6095,2,117
2020-12-11,121,6216,0,117
2020-12-12,19,6235,1,118
2020-12-13,35,6270,0,118
2020-12-14,75,6345,3,121
2020-12-15,57,6402,1,122
2020-12-16,64,6466,1,123
2020-12-17,57,6523,2,125
2020-12-18,18,6541,2,127
2020-12-19,37,6578,0,127
2020-12-20,70,6648,1,128
2020-12-21,78,6726,0,128
2020-12-22,29,6755,1,129
2020-12-23,73,6828,0,129
2020-12-24,30,6858,0,129
2020-12-25,15,6873,0,129
2020-12-26,20,6893,0,129
2020-12-27,82,6975,1,130
2020-12-28,47,7022,1,131
2020-12-29,56,7078,3,134
2020-12-30,48,7126,1,135
2020-12-31,68,7194,1,136
2021-01-01,37,7231,0,136
2021-01-02,28,7259,0,136
2021-01-03,23,7282,0,136
2021-01-04,33,7315,2,138
2021-01-05,45,7360,0,138
2021-01-06,46,7406,1,139
2021-01-07,45,7451,2,141
2021-01-08,84,7535,0,141
2021-01-09,31,7566,1,142
2021-01-10,13,7579,2,144
2021-01-11,98,7677,0,144
2021-01-12,56,7733,1,145
2021-01-13,58,7791,0,145
2021-01-14,69,7860,0,145
2021-01-15,62,7922,2,147
2021-01-16,63,7985,0,147
2021-01-17,33,8018,0,147
2021-01-18,37,8055,1,148
2021-01-19,42,8097,1,149
2021-01-20,46,8143,0,149
2021-01-21,35,8178,0,149
2021-01-22,32,8210,1,150
2021-01-23,23,8233,0,150
2021-01-24,48,8281,0,150
2021-01-25,19,8300,0,150
2021-01-26,50,8350,3,153
2021-01-27,56,8406,1,154
2021-01-28,59,8465,0,154
2021-01-29,36,8501,0,154
2021-01-30,23,8524,1,155
2021-01-31,21,8545,0,155
2021-02-01,27,8572,2,157
2021-02-02,10,8582,0,157
2021-02-03,51,8633,0,157
2021-02-04,42,8675,0,157
2021-02-05,20,8695,1,158
2021-02-06,26,8721,0,158
2021-02-07,12,8733,1,159
2021-02-08,50,8783,0,159
2021-02-09,27,8810,1,160
2021-02-10,48,8858,1,161
2021-02-11,13,8871,1,162
2021-02-12,30,8901,1,163
2021-02-13,35,8936,0,163
2021-02-14,46,8982,2,165
2021-02-15,23,9005,4,169
2021-02-16,50,9055,0,169
2021-02-17,59,9114,0,169
2021-02-18,66,9180,0,169
2021-02-19,41,9221,2,171
2021-02-20,64,9285,2,173
2021-02-21,44,9329,2,175
2021-02-22,83,9412,0,175
2021-02-23,56,9468,2,177
2021-02-24,114,9582,1,178
2021-02-25,39,9621,0,178
2021-02-26,103,9724,2,180
2021-02-27,80,9804,1,181
2021-02-28,32,9836,0,181
2021-03-01,82,9918,2,183
2021-03-02,85,10003,1,184
2021-03-03,55,10058,2,186
2021-03-04,96,10154,1,187
2021-03-05,146,10300,5,192
2021-03-06,71,10371,2,194
2021-03-07,76,10447,1,195
2021-03-08,105,10552,0,195
2021-03-09,110,10662,2,197
2021-03-10,99,10761,2,199
2021-03-11,62,10823,1,200
2021-03-12,176,10999,6,206
2021-03-13,131,11130,1,207
2021-03-14,49,11179,0,207
2021-03-15,102,11281,3,210
2021-03-16,152,11433,4,214
2021-03-17,106,11539,4,218
2021-03-18,108,11647,3,221
2021-03-19,102,11749,1,222
2021-03-20,68,11817,1,223
2021-03-21,87,11904,4,227
2021-03-22,136,12040,1,228
2021-03-23,85,12125,2,230
2021-03-24,106,12231,4,234
2021-03-25,77,12308,0,234
2021-03-26,106,12414,4,238
2021-03-27,80,12494,0,238
2021-03-28,47,12541,4,242
2021-03-29,69,12610,6,248
2021-03-30,59,12669,2,250
2021-03-31,79,12748,2,252
2021-04-01,73,12821,2,254
2021-04-02,23,12844,4,258
2021-04-03,82,12926,3,261
2021-04-04,39,12965,3,264
2021-04-05,74,13039,5,269
2021-04-06,35,13074,3,272
2021-04-07,90,13164,1,273
2021-04-08,86,13250,1,274
2021-04-09,66,13316,2,276
2021-04-10,55,13371,1,277
2021-04-11,50,13421,5,282
2021-04-12,79,13500,6,288
2021-04-13,28,13528,1,289
2021-04-14,81,13609,4,293
2021-04-15,45,13654,6,299
2021-04-16,53,13707,0,299
2021-04-17,38,13745,3,302
2021-04-18,29,13774,0,302
2021-04-19,56,13830,2,304
2021-04-20,35,13865,3,307
2021-04-21,50,13915,1,308
2021-04-22,45,13960,4,312
2021-04-23,34,13994,1,313
2021-04-24,22,14016,1,314
2021-04-25,3,14019,2,316
2021-04-26,5,14024,1,317
