,casosNovos,casosAcumulados,obitosNovos,obitosAcumulados
2020-04-02,2,2,0,0
2020-04-03,1,3,0,0
2020-04-04,0,3,0,0
2020-04-05,0,3,0,0
2020-04-06,0,3,0,0
2020-04-07,0,3,0,0
2020-04-08,0,3,0,0
2020-04-09,0,3,0,0
2020-04-10,0,3,0,0
2020-04-11,0,3,0,0
2020-04-12,0,3,0,0
2020-04-13,0,3,0,0
2020-04-14,0,3,0,0
2020-04-15,0,3,0,0
2020-04-16,0,3,0,0
2020-04-17,0,3,0,0
2020-04-18,0,3,0,0
2020-04-19,0,3,0,0
2020-04-20,0,3,0,0
2020-04-21,0,3,0,0
2020-04-22,0,3,0,0
2020-04-23,0,3,0,0
2020-04-24,0,3,0,0
2020-04-25,0,3,0,0
2020-04-26,0,3,0,0
2020-04-27,0,3,0,0
2020-04-28,0,3,0,0
2020-04-29,0,3,0,0
2020-04-30,0,3,0,0
2020-05-01,0,3,0,0
2020-05-02,0,3,0,0
2020-05-03,0,3,0,0
2020-05-04,0,3,0,0
2020-05-05,0,3,0,0
2020-05-06,0,3,0,0
2020-05-07,0,3,0,0
2020-05-08,0,3,0,0
2020-05-09,0,3,0,0
2020-05-10,0,3,0,0
2020-05-11,0,3,0,0
2020-05-12,0,3,0,0
2020-05-13,0,3,0,0
2020-05-14,0,3,0,0
2020-05-15,1,4,0,0
2020-05-16,0,4,0,0
2020-05-17,0,4,0,0
2020-05-18,1,5,0,0
2020-05-19,0,5,0,0
2020-05-20,0,5,0,0
2020-05-21,0,5,0,0
2020-05-22,0,5,0,0
2020-05-23,0,5,0,0
2020-05-24,0,5,0,0
2020-05-25,0,5,0,0
2020-05-26,0,5,0,0
2020-05-27,0,5,0,0
2020-05-28,0,5,0,0
2020-05-29,0,5,0,0
2020-05-30,1,6,0,0
2020-05-31,0,6,0,0
2020-06-01,0,6,0,0
2020-06-02,1,7,0,0
2020-06-03,0,7,0,0
2020-06-04,0,7,1,1
2020-06-05,0,7,0,1
2020-06-06,2,9,0,1
2020-06-07,0,9,0,1
2020-06-08,1,10,0,1
2020-06-09,0,10,0,1
2020-06-10,6,16,0,1
2020-06-11,0,16,0,1
2020-06-12,3,19,0,1
2020-06-13,0,19,0,1
2020-06-14,0,19,0,1
2020-06-15,0,19,0,1
2020-06-16,0,19,0,1
2020-06-17,0,19,0,1
2020-06-18,1,20,0,1
2020-06-19,1,21,0,1
2020-06-20,6,27,0,1
2020-06-21,0,27,0,1
2020-06-22,5,32,0,1
2020-06-23,0,32,0,1
2020-06-24,1,33,0,1
2020-06-25,1,34,0,1
2020-06-26,8,42,0,1
2020-06-27,1,43,0,1
2020-06-28,3,46,0,1
2020-06-29,5,51,1,2
2020-06-30,2,53,0,2
2020-07-01,3,56,0,2
2020-07-02,10,66,0,2
2020-07-03,7,73,0,2
2020-07-04,6,79,0,2
2020-07-05,3,82,0,2
2020-07-06,10,92,1,3
2020-07-07,6,98,0,3
2020-07-08,2,100,0,3
2020-07-09,15,115,0,3
2020-07-10,0,115,0,3
2020-07-11,6,121,0,3
2020-07-12,5,126,0,3
2020-07-13,2,128,0,3
2020-07-14,1,129,0,3
2020-07-15,17,146,0,3
2020-07-16,3,149,1,4
2020-07-17,7,156,0,4
2020-07-18,12,168,0,4
2020-07-19,0,168,0,4
2020-07-20,11,179,0,4
2020-07-21,14,193,0,4
2020-07-22,8,201,0,4
2020-07-23,15,216,0,4
2020-07-24,13,229,0,4
2020-07-25,10,239,0,4
2020-07-26,3,242,0,4
2020-07-27,3,245,0,4
2020-07-28,4,249,0,4
2020-07-29,3,252,0,4
2020-07-30,2,254,1,5
2020-07-31,24,278,0,5
2020-08-01,8,286,0,5
2020-08-02,4,290,0,5
2020-08-03,2,292,0,5
2020-08-04,1,293,1,6
2020-08-05,16,309,0,6
2020-08-06,6,315,0,6
2020-08-07,9,324,0,6
2020-08-08,9,333,0,6
2020-08-09,0,333,0,6
2020-08-10,11,344,0,6
2020-08-11,9,353,0,6
2020-08-12,7,360,0,6
2020-08-13,20,380,0,6
2020-08-14,2,382,0,6
2020-08-15,3,385,0,6
2020-08-16,0,385,0,6
2020-08-17,4,389,0,6
2020-08-18,13,402,0,6
2020-08-19,3,405,0,6
2020-08-20,17,422,0,6
2020-08-21,8,430,0,6
2020-08-22,7,437,0,6
2020-08-23,0,437,0,6
2020-08-24,1,438,0,6
2020-08-25,9,447,0,6
2020-08-26,2,449,0,6
2020-08-27,8,457,0,6
2020-08-28,8,465,0,6
2020-08-29,0,465,0,6
2020-08-30,7,472,0,6
2020-08-31,6,478,0,6
2020-09-01,2,480,1,7
2020-09-02,4,484,0,7
2020-09-03,8,492,0,7
2020-09-04,16,508,0,7
2020-09-05,1,509,0,7
2020-09-06,0,509,1,8
2020-09-07,11,520,0,8
2020-09-08,0,520,0,8
2020-09-09,4,524,0,8
2020-09-10,15,539,0,8
2020-09-11,1,540,0,8
2020-09-12,1,541,0,8
2020-09-13,11,552,0,8
2020-09-14,3,555,0,8
2020-09-15,5,560,0,8
2020-09-16,9,569,0,8
2020-09-17,2,571,1,9
2020-09-18,5,576,0,9
2020-09-19,3,579,0,9
2020-09-20,6,585,1,10
2020-09-21,5,590,0,10
2020-09-22,11,601,0,10
2020-09-23,2,603,0,10
2020-09-24,6,609,0,10
2020-09-25,8,617,1,11
2020-09-26,1,618,0,11
2020-09-27,5,623,0,11
2020-09-28,4,627,0,11
2020-09-29,8,635,0,11
2020-09-30,11,646,0,11
2020-10-01,3,649,0,11
2020-10-02,5,654,0,11
2020-10-03,6,660,0,11
2020-10-04,1,661,0,11
2020-10-05,6,667,0,11
2020-10-06,6,673,0,11
2020-10-07,4,677,0,11
2020-10-08,2,679,0,11
2020-10-09,1,680,0,11
2020-10-10,2,682,0,11
2020-10-11,0,682,0,11
2020-10-12,3,685,0,11
2020-10-13,0,685,0,11
2020-10-14,2,687,0,11
2020-10-15,1,688,1,12
2020-10-16,1,689,0,12
2020-10-17,0,689,0,12
2020-10-18,2,691,0,12
2020-10-19,2,693,0,12
2020-10-20,1,694,1,13
2020-10-21,2,696,0,13
2020-10-22,3,699,0,13
2020-10-23,1,700,0,13
2020-10-24,2,702,0,13
2020-10-25,0,702,0,13
2020-10-26,1,703,0,13
2020-10-27,3,706,0,13
2020-10-28,4,710,0,13
2020-10-29,2,712,0,13
2020-10-30,6,718,0,13
2020-10-31,0,718,0,13
2020-11-01,0,718,0,13
2020-11-02,4,722,0,13
2020-11-03,2,724,0,13
2020-11-04,1,725,0,13
2020-11-05,8,733,0,13
2020-11-06,10,743,0,13
2020-11-07,13,756,0,13
2020-11-08,0,756,0,13
2020-11-09,0,756,0,13
2020-11-10,11,767,0,13
2020-11-11,10,777,0,13
2020-11-12,4,781,1,14
2020-11-13,2,783,0,14
2020-11-14,4,787,0,14
2020-11-15,39,826,0,14
2020-11-16,3,829,0,14
2020-11-17,21,850,0,14
2020-11-18,13,863,0,14
2020-11-19,20,883,1,15
2020-11-20,17,900,0,15
2020-11-21,7,907,0,15
2020-11-22,3,910,0,15
2020-11-23,25,935,1,16
2020-11-24,8,943,2,18
2020-11-25,28,971,0,18
2020-11-26,2,973,1,19
2020-11-27,25,998,1,20
2020-11-28,18,1016,3,23
2020-11-29,0,1016,0,23
2020-11-30,40,1056,0,23
2020-12-01,5,1061,0,23
2020-12-02,20,1081,1,24
2020-12-03,7,1088,0,24
2020-12-04,8,1096,0,24
2020-12-05,0,1096,0,24
2020-12-06,11,1107,0,24
2020-12-07,21,1128,0,24
2020-12-08,25,1153,0,24
2020-12-09,18,1171,0,24
2020-12-10,10,1181,0,24
2020-12-11,12,1193,0,24
2020-12-12,10,1203,0,24
2020-12-13,3,1206,2,26
2020-12-14,20,1226,0,26
2020-12-15,11,1237,1,27
2020-12-16,11,1248,0,27
2020-12-17,8,1256,0,27
2020-12-18,11,1267,1,28
2020-12-19,0,1267,0,28
2020-12-20,8,1275,0,28
2020-12-21,2,1277,1,29
2020-12-22,2,1279,1,30
2020-12-23,7,1286,1,31
2020-12-24,6,1292,0,31
2020-12-25,1,1293,0,31
2020-12-26,7,1300,0,31
2020-12-27,1,1301,0,31
2020-12-28,7,1308,1,32
2020-12-29,11,1319,1,33
2020-12-30,13,1332,1,34
2020-12-31,0,1332,0,34
2021-01-01,24,1356,0,34
2021-01-02,24,1380,0,34
2021-01-03,6,1386,0,34
2021-01-04,5,1391,0,34
2021-01-05,17,1408,0,34
2021-01-06,3,1411,0,34
2021-01-07,21,1432,1,35
2021-01-08,10,1442,0,35
2021-01-09,5,1447,0,35
2021-01-10,0,1447,0,35
2021-01-11,33,1480,0,35
2021-01-12,39,1519,0,35
2021-01-13,1,1520,1,36
2021-01-14,15,1535,0,36
2021-01-15,10,1545,0,36
2021-01-16,0,1545,0,36
2021-01-17,14,1559,0,36
2021-01-18,8,1567,0,36
2021-01-19,16,1583,1,37
2021-01-20,0,1583,0,37
2021-01-21,35,1618,1,38
2021-01-22,2,1620,0,38
2021-01-23,7,1627,0,38
2021-01-24,1,1628,0,38
2021-01-25,1,1629,1,39
2021-01-26,0,1629,0,39
2021-01-27,17,1646,0,39
2021-01-28,23,1669,0,39
2021-01-29,4,1673,0,39
2021-01-30,0,1673,0,39
2021-01-31,11,1684,0,39
2021-02-01,9,1693,0,39
2021-02-02,1,1694,0,39
2021-02-03,4,1698,0,39
2021-02-04,13,1711,0,39
2021-02-05,10,1721,0,39
2021-02-06,0,1721,0,39
2021-02-07,5,1726,0,39
2021-02-08,0,1726,0,39
2021-02-09,2,1728,0,39
2021-02-10,8,1736,0,39
2021-02-11,1,1737,0,39
2021-02-12,1,1738,1,40
2021-02-13,7,1745,0,40
2021-02-14,0,1745,0,40
2021-02-15,7,1752,0,40
2021-02-16,2,1754,1,41
2021-02-17,6,1760,0,41
2021-02-18,14,1774,0,41
2021-02-19,6,1780,2,43
2021-02-20,15,1795,0,43
2021-02-21,10,1805,0,43
2021-02-22,3,1808,1,44
2021-02-23,23,1831,0,44
2021-02-24,16,1847,0,44
2021-02-25,24,1871,0,44
2021-02-26,17,1888,0,44
2021-02-27,3,1891,1,45
2021-02-28,29,1920,0,45
2021-03-01,5,1925,0,45
2021-03-02,15,1940,0,45
2021-03-03,35,1975,0,45
2021-03-04,7,1982,0,45
2021-03-05,54,2036,1,46
2021-03-06,3,2039,1,47
2021-03-07,32,2071,0,47
2021-03-08,3,2074,0,47
2021-03-09,17,2091,0,47
2021-03-10,12,2103,1,48
2021-03-11,5,2108,0,48
2021-03-12,36,2144,0,48
2021-03-13,15,2159,0,48
2021-03-14,8,2167,1,49
2021-03-15,13,2180,0,49
2021-03-16,3,2183,0,49
2021-03-17,49,2232,0,49
2021-03-18,15,2247,1,50
2021-03-19,18,2265,0,50
2021-03-20,22,2287,1,51
2021-03-21,6,2293,1,52
2021-03-22,20,2313,2,54
2021-03-23,12,2325,0,54
2021-03-24,14,2339,0,54
2021-03-25,19,2358,0,54
2021-03-26,5,2363,1,55
2021-03-27,0,2363,3,58
2021-03-28,14,2377,0,58
2021-03-29,2,2379,0,58
2021-03-30,8,2387,1,59
2021-03-31,11,2398,0,59
2021-04-01,1,2399,0,59
2021-04-02,1,2400,0,59
2021-04-03,9,2409,0,59
2021-04-04,0,2409,0,59
2021-04-05,7,2416,0,59
2021-04-06,0,2416,0,59
2021-04-07,5,2421,0,59
2021-04-08,0,2421,0,59
2021-04-09,4,2425,0,59
2021-04-10,0,2425,0,59
2021-04-11,4,2429,1,60
2021-04-12,7,2436,0,60
2021-04-13,0,2436,0,60
2021-04-14,6,2442,0,60
2021-04-15,7,2449,0,60
2021-04-16,2,2451,0,60
2021-04-17,7,2458,0,60
2021-04-18,10,2468,0,60
2021-04-19,8,2476,0,60
2021-04-20,2,2478,0,60
2021-04-21,0,2478,0,60
2021-04-22,12,2490,0,60
2021-04-23,8,2498,1,61
2021-04-24,0,2498,0,61
2021-04-25,9,2507,0,61
2021-04-26,2,2509,0,61
