,casosNovos,casosAcumulados,obitosNovos,obitosAcumulados
2020-04-02,1,1,0,0
2020-04-03,0,1,0,0
2020-04-04,0,1,0,0
2020-04-05,0,1,0,0
2020-04-06,0,1,0,0
2020-04-07,0,1,0,0
2020-04-08,0,1,0,0
2020-04-09,0,1,0,0
2020-04-10,0,1,0,0
2020-04-11,2,3,0,0
2020-04-12,0,3,0,0
2020-04-13,0,3,0,0
2020-04-14,0,3,0,0
2020-04-15,0,3,0,0
2020-04-16,1,4,0,0
2020-04-17,1,5,0,0
2020-04-18,0,5,0,0
2020-04-19,0,5,0,0
2020-04-20,1,6,0,0
2020-04-21,0,6,0,0
2020-04-22,0,6,0,0
2020-04-23,0,6,0,0
2020-04-24,0,6,0,0
2020-04-25,0,6,0,0
2020-04-26,0,6,0,0
2020-04-27,1,7,0,0
2020-04-28,1,8,1,1
2020-04-29,1,9,0,1
2020-04-30,0,9,0,1
2020-05-01,0,9,0,1
2020-05-02,0,9,0,1
2020-05-03,0,9,0,1
2020-05-04,0,9,0,1
2020-05-05,2,11,0,1
2020-05-06,1,12,0,1
2020-05-07,0,12,0,1
2020-05-08,3,15,0,1
2020-05-09,0,15,0,1
2020-05-10,0,15,0,1
2020-05-11,0,15,2,3
2020-05-12,1,16,1,4
2020-05-13,2,18,0,4
2020-05-14,0,18,0,4
2020-05-15,1,19,0,4
2020-05-16,0,19,0,4
2020-05-17,1,20,0,4
2020-05-18,2,22,0,4
2020-05-19,0,22,0,4
2020-05-20,4,26,0,4
2020-05-21,2,28,0,4
2020-05-22,0,28,0,4
2020-05-23,0,28,0,4
2020-05-24,9,37,0,4
2020-05-25,0,37,0,4
2020-05-26,2,39,0,4
2020-05-27,2,41,0,4
2020-05-28,5,46,0,4
2020-05-29,5,51,0,4
2020-05-30,7,58,0,4
2020-05-31,8,66,0,4
2020-06-01,3,69,1,5
2020-06-02,2,71,0,5
2020-06-03,2,73,0,5
2020-06-04,10,83,0,5
2020-06-05,4,87,0,5
2020-06-06,3,90,0,5
2020-06-07,2,92,0,5
2020-06-08,2,94,0,5
2020-06-09,9,103,0,5
2020-06-10,11,114,1,6
2020-06-11,0,114,0,6
2020-06-12,4,118,0,6
2020-06-13,2,120,0,6
2020-06-14,2,122,0,6
2020-06-15,4,126,0,6
2020-06-16,11,137,0,6
2020-06-17,7,144,0,6
2020-06-18,5,149,0,6
2020-06-19,6,155,0,6
2020-06-20,6,161,0,6
2020-06-21,8,169,0,6
2020-06-22,8,177,1,7
2020-06-23,7,184,0,7
2020-06-24,2,186,2,9
2020-06-25,4,190,0,9
2020-06-26,14,204,0,9
2020-06-27,3,207,0,9
2020-06-28,8,215,0,9
2020-06-29,5,220,0,9
2020-06-30,13,233,0,9
2020-07-01,5,238,0,9
2020-07-02,16,254,0,9
2020-07-03,16,270,0,9
2020-07-04,7,277,0,9
2020-07-05,8,285,0,9
2020-07-06,5,290,0,9
2020-07-07,7,297,1,10
2020-07-08,8,305,2,12
2020-07-09,14,319,0,12
2020-07-10,4,323,0,12
2020-07-11,11,334,0,12
2020-07-12,13,347,0,12
2020-07-13,15,362,0,12
2020-07-14,8,370,0,12
2020-07-15,14,384,0,12
2020-07-16,23,407,0,12
2020-07-17,9,416,1,13
2020-07-18,8,424,0,13
2020-07-19,4,428,0,13
2020-07-20,28,456,0,13
2020-07-21,15,471,0,13
2020-07-22,16,487,1,14
2020-07-23,20,507,0,14
2020-07-24,24,531,0,14
2020-07-25,15,546,0,14
2020-07-26,11,557,0,14
2020-07-27,17,574,0,14
2020-07-28,12,586,0,14
2020-07-29,14,600,0,14
2020-07-30,24,624,1,15
2020-07-31,21,645,0,15
2020-08-01,14,659,0,15
2020-08-02,1,660,0,15
2020-08-03,35,695,2,17
2020-08-04,11,706,1,18
2020-08-05,7,713,0,18
2020-08-06,11,724,0,18
2020-08-07,11,735,0,18
2020-08-08,21,756,1,19
2020-08-09,17,773,0,19
2020-08-10,3,776,1,20
2020-08-11,11,787,2,22
2020-08-12,31,818,0,22
2020-08-13,12,830,0,22
2020-08-14,7,837,1,23
2020-08-15,7,844,0,23
2020-08-16,8,852,0,23
2020-08-17,1,853,1,24
2020-08-18,9,862,0,24
2020-08-19,16,878,0,24
2020-08-20,23,901,0,24
2020-08-21,13,914,0,24
2020-08-22,14,928,0,24
2020-08-23,2,930,0,24
2020-08-24,11,941,0,24
2020-08-25,13,954,0,24
2020-08-26,7,961,0,24
2020-08-27,10,971,0,24
2020-08-28,15,986,0,24
2020-08-29,30,1016,1,25
2020-08-30,2,1018,0,25
2020-08-31,8,1026,0,25
2020-09-01,16,1042,0,25
2020-09-02,23,1065,0,25
2020-09-03,4,1069,0,25
2020-09-04,11,1080,0,25
2020-09-05,13,1093,0,25
2020-09-06,9,1102,0,25
2020-09-07,2,1104,0,25
2020-09-08,0,1104,0,25
2020-09-09,7,1111,0,25
2020-09-10,3,1114,0,25
2020-09-11,11,1125,0,25
2020-09-12,6,1131,0,25
2020-09-13,0,1131,0,25
2020-09-14,1,1132,1,26
2020-09-15,4,1136,0,26
2020-09-16,16,1152,0,26
2020-09-17,10,1162,0,26
2020-09-18,9,1171,0,26
2020-09-19,5,1176,0,26
2020-09-20,0,1176,0,26
2020-09-21,2,1178,0,26
2020-09-22,7,1185,0,26
2020-09-23,5,1190,0,26
2020-09-24,13,1203,0,26
2020-09-25,2,1205,0,26
2020-09-26,5,1210,0,26
2020-09-27,0,1210,0,26
2020-09-28,1,1211,0,26
2020-09-29,6,1217,0,26
2020-09-30,15,1232,0,26
2020-10-01,7,1239,0,26
2020-10-02,7,1246,0,26
2020-10-03,9,1255,0,26
2020-10-04,0,1255,0,26
2020-10-05,1,1256,1,27
2020-10-06,15,1271,0,27
2020-10-07,4,1275,0,27
2020-10-08,4,1279,0,27
2020-10-09,3,1282,0,27
2020-10-10,3,1285,0,27
2020-10-11,0,1285,0,27
2020-10-12,1,1286,0,27
2020-10-13,7,1293,1,28
2020-10-14,2,1295,0,28
2020-10-15,4,1299,0,28
2020-10-16,3,1302,0,28
2020-10-17,0,1302,0,28
2020-10-18,0,1302,0,28
2020-10-19,6,1308,0,28
2020-10-20,2,1310,1,29
2020-10-21,6,1316,0,29
2020-10-22,4,1320,0,29
2020-10-23,1,1321,0,29
2020-10-24,0,1321,0,29
2020-10-25,0,1321,0,29
2020-10-26,10,1331,0,29
2020-10-27,2,1333,0,29
2020-10-28,0,1333,0,29
2020-10-29,9,1342,0,29
2020-10-30,3,1345,1,30
2020-10-31,1,1346,0,30
2020-11-01,1,1347,0,30
2020-11-02,3,1350,0,30
2020-11-03,14,1364,0,30
2020-11-04,18,1382,0,30
2020-11-05,17,1399,0,30
2020-11-06,8,1407,0,30
2020-11-07,0,1407,0,30
2020-11-08,0,1407,0,30
2020-11-09,28,1435,0,30
2020-11-10,11,1446,0,30
2020-11-11,17,1463,0,30
2020-11-12,6,1469,0,30
2020-11-13,31,1500,0,30
2020-11-14,3,1503,0,30
2020-11-15,1,1504,0,30
2020-11-16,29,1533,0,30
2020-11-17,40,1573,0,30
2020-11-18,70,1643,0,30
2020-11-19,65,1708,0,30
2020-11-20,36,1744,1,31
2020-11-21,10,1754,0,31
2020-11-22,0,1754,0,31
2020-11-23,21,1775,0,31
2020-11-24,20,1795,0,31
2020-11-25,24,1819,1,32
2020-11-26,13,1832,0,32
2020-11-27,9,1841,1,33
2020-11-28,1,1842,1,34
2020-11-29,6,1848,0,34
2020-11-30,13,1861,0,34
2020-12-01,8,1869,0,34
2020-12-02,80,1949,3,37
2020-12-03,98,2047,0,37
2020-12-04,5,2052,0,37
2020-12-05,5,2057,0,37
2020-12-06,4,2061,0,37
2020-12-07,5,2066,1,38
2020-12-08,5,2071,0,38
2020-12-09,13,2084,4,42
2020-12-10,72,2156,0,42
2020-12-11,85,2241,0,42
2020-12-12,6,2247,0,42
2020-12-13,1,2248,0,42
2020-12-14,81,2329,0,42
2020-12-15,91,2420,0,42
2020-12-16,64,2484,0,42
2020-12-17,36,2520,0,42
2020-12-18,24,2544,1,43
2020-12-19,1,2545,0,43
2020-12-20,2,2547,1,44
2020-12-21,13,2560,0,44
2020-12-22,5,2565,0,44
2020-12-23,7,2572,0,44
2020-12-24,11,2583,1,45
2020-12-25,2,2585,0,45
2020-12-26,1,2586,0,45
2020-12-27,3,2589,0,45
2020-12-28,2,2591,0,45
2020-12-29,37,2628,0,45
2020-12-30,39,2667,1,46
2020-12-31,2,2669,2,48
2021-01-01,2,2671,0,48
2021-01-02,5,2676,2,50
2021-01-03,0,2676,0,50
2021-01-04,18,2694,0,50
2021-01-05,36,2730,2,52
2021-01-06,45,2775,0,52
2021-01-07,63,2838,1,53
2021-01-08,26,2864,0,53
2021-01-09,1,2865,1,54
2021-01-10,1,2866,0,54
2021-01-11,33,2899,2,56
2021-01-12,17,2916,0,56
2021-01-13,43,2959,0,56
2021-01-14,31,2990,0,56
2021-01-15,7,2997,0,56
2021-01-16,0,2997,1,57
2021-01-17,2,2999,0,57
2021-01-18,38,3037,0,57
2021-01-19,23,3060,0,57
2021-01-20,12,3072,0,57
2021-01-21,15,3087,1,58
2021-01-22,11,3098,0,58
2021-01-23,0,3098,0,58
2021-01-24,1,3099,0,58
2021-01-25,27,3126,1,59
2021-01-26,29,3155,0,59
2021-01-27,6,3161,0,59
2021-01-28,9,3170,0,59
2021-01-29,25,3195,0,59
2021-01-30,0,3195,0,59
2021-01-31,0,3195,0,59
2021-02-01,17,3212,0,59
2021-02-02,6,3218,0,59
2021-02-03,17,3235,0,59
2021-02-04,26,3261,0,59
2021-02-05,10,3271,0,59
2021-02-06,0,3271,0,59
2021-02-07,0,3271,0,59
2021-02-08,8,3279,0,59
2021-02-09,31,3310,0,59
2021-02-10,9,3319,0,59
2021-02-11,13,3332,0,59
2021-02-12,13,3345,0,59
2021-02-13,3,3348,0,59
2021-02-14,1,3349,0,59
2021-02-15,3,3352,0,59
2021-02-16,1,3353,0,59
2021-02-17,3,3356,0,59
2021-02-18,12,3368,0,59
2021-02-19,9,3377,0,59
2021-02-20,0,3377,0,59
2021-02-21,1,3378,0,59
2021-02-22,37,3415,0,59
2021-02-23,23,3438,0,59
2021-02-24,10,3448,0,59
2021-02-25,13,3461,0,59
2021-02-26,10,3471,0,59
2021-02-27,2,3473,0,59
2021-02-28,1,3474,0,59
2021-03-01,10,3484,0,59
2021-03-02,8,3492,1,60
2021-03-03,23,3515,0,60
2021-03-04,23,3538,0,60
2021-03-05,24,3562,2,62
2021-03-06,1,3563,0,62
2021-03-07,1,3564,0,62
2021-03-08,21,3585,0,62
2021-03-09,40,3625,0,62
2021-03-10,6,3631,0,62
2021-03-11,13,3644,1,63
2021-03-12,12,3656,0,63
2021-03-13,1,3657,0,63
2021-03-14,1,3658,0,63
2021-03-15,7,3665,1,64
2021-03-16,12,3677,2,66
2021-03-17,13,3690,0,66
2021-03-18,16,3706,0,66
2021-03-19,35,3741,0,66
2021-03-20,2,3743,1,67
2021-03-21,4,3747,1,68
2021-03-22,57,3804,1,69
2021-03-23,10,3814,3,72
2021-03-24,29,3843,1,73
2021-03-25,7,3850,1,74
2021-03-26,14,3864,0,74
2021-03-27,0,3864,0,74
2021-03-28,0,3864,1,75
2021-03-29,16,3880,0,75
2021-03-30,8,3888,0,75
2021-03-31,4,3892,0,75
2021-04-01,5,3897,0,75
2021-04-02,8,3905,0,75
2021-04-03,5,3910,0,75
2021-04-04,1,3911,0,75
2021-04-05,3,3914,0,75
2021-04-06,2,3916,0,75
2021-04-07,1,3917,0,75
2021-04-08,4,3921,0,75
2021-04-09,10,3931,0,75
2021-04-10,0,3931,0,75
2021-04-11,0,3931,0,75
2021-04-12,6,3937,0,75
2021-04-13,4,3941,0,75
2021-04-14,5,3946,0,75
2021-04-15,4,3950,0,75
2021-04-16,3,3953,0,75
2021-04-17,0,3953,0,75
2021-04-18,1,3954,0,75
2021-04-19,37,3991,0,75
2021-04-20,30,4021,0,75
2021-04-21,0,4021,0,75
2021-04-22,0,4021,0,75
2021-04-23,3,4024,0,75
2021-04-24,0,4024,0,75
2021-04-25,0,4024,0,75
2021-04-26,49,4073,0,75
