,casosNovos,casosAcumulados,obitosNovos,obitosAcumulados
2020-03-22,1,1,0,0
2020-03-23,0,1,0,0
2020-03-24,0,1,0,0
2020-03-25,0,1,0,0
2020-03-26,0,1,0,0
2020-03-27,0,1,0,0
2020-03-28,0,1,0,0
2020-03-29,0,1,0,0
2020-03-30,0,1,0,0
2020-03-31,0,1,0,0
2020-04-01,0,1,0,0
2020-04-02,1,2,0,0
2020-04-03,3,5,0,0
2020-04-04,0,5,0,0
2020-04-05,0,5,0,0
2020-04-06,0,5,0,0
2020-04-07,2,7,0,0
2020-04-08,6,13,0,0
2020-04-09,0,13,0,0
2020-04-10,1,14,0,0
2020-04-11,0,14,0,0
2020-04-12,1,15,0,0
2020-04-13,1,16,0,0
2020-04-14,0,16,0,0
2020-04-15,1,17,0,0
2020-04-16,0,17,0,0
2020-04-17,1,18,0,0
2020-04-18,1,19,0,0
2020-04-19,0,19,0,0
2020-04-20,1,20,0,0
2020-04-21,1,21,0,0
2020-04-22,0,21,0,0
2020-04-23,0,21,0,0
2020-04-24,1,22,0,0
2020-04-25,0,22,0,0
2020-04-26,1,23,0,0
2020-04-27,0,23,0,0
2020-04-28,0,23,0,0
2020-04-29,0,23,0,0
2020-04-30,2,25,0,0
2020-05-01,0,25,0,0
2020-05-02,2,27,0,0
2020-05-03,3,30,0,0
2020-05-04,1,31,0,0
2020-05-05,1,32,0,0
2020-05-06,2,34,0,0
2020-05-07,5,39,0,0
2020-05-08,1,40,0,0
2020-05-09,0,40,0,0
2020-05-10,1,41,0,0
2020-05-11,0,41,0,0
2020-05-12,2,43,0,0
2020-05-13,5,48,0,0
2020-05-14,4,52,0,0
2020-05-15,1,53,0,0
2020-05-16,0,53,0,0
2020-05-17,1,54,0,0
2020-05-18,0,54,0,0
2020-05-19,0,54,0,0
2020-05-20,4,58,0,0
2020-05-21,1,59,0,0
2020-05-22,1,60,1,1
2020-05-23,1,61,0,1
2020-05-24,2,63,0,1
2020-05-25,0,63,0,1
2020-05-26,0,63,0,1
2020-05-27,7,70,0,1
2020-05-28,2,72,0,1
2020-05-29,1,73,0,1
2020-05-30,8,81,0,1
2020-05-31,6,87,0,1
2020-06-01,1,88,1,2
2020-06-02,10,98,0,2
2020-06-03,7,105,0,2
2020-06-04,10,115,0,2
2020-06-05,8,123,0,2
2020-06-06,5,128,0,2
2020-06-07,3,131,0,2
2020-06-08,2,133,0,2
2020-06-09,4,137,1,3
2020-06-10,11,148,0,3
2020-06-11,0,148,0,3
2020-06-12,13,161,0,3
2020-06-13,13,174,2,5
2020-06-14,6,180,0,5
2020-06-15,9,189,1,6
2020-06-16,8,197,0,6
2020-06-17,14,211,0,6
2020-06-18,15,226,1,7
2020-06-19,11,237,2,9
2020-06-20,11,248,0,9
2020-06-21,18,266,0,9
2020-06-22,9,275,1,10
2020-06-23,14,289,2,12
2020-06-24,7,296,0,12
2020-06-25,8,304,1,13
2020-06-26,35,339,0,13
2020-06-27,25,364,4,17
2020-06-28,9,373,4,21
2020-06-29,45,418,2,23
2020-06-30,14,432,1,24
2020-07-01,26,458,2,26
2020-07-02,72,530,2,28
2020-07-03,42,572,2,30
2020-07-04,10,582,0,30
2020-07-05,20,602,0,30
2020-07-06,100,702,3,33
2020-07-07,53,755,2,35
2020-07-08,39,794,0,35
2020-07-09,77,871,2,37
2020-07-10,31,902,3,40
2020-07-11,43,945,1,41
2020-07-12,60,1005,0,41
2020-07-13,23,1028,0,41
2020-07-14,110,1138,2,43
2020-07-15,28,1166,1,44
2020-07-16,23,1189,3,47
2020-07-17,70,1259,4,51
2020-07-18,14,1273,0,51
2020-07-19,6,1279,1,52
2020-07-20,70,1349,2,54
2020-07-21,71,1420,1,55
2020-07-22,38,1458,4,59
2020-07-23,44,1502,2,61
2020-07-24,57,1559,1,62
2020-07-25,19,1578,0,62
2020-07-26,23,1601,2,64
2020-07-27,110,1711,0,64
2020-07-28,22,1733,3,67
2020-07-29,45,1778,2,69
2020-07-30,51,1829,0,69
2020-07-31,31,1860,2,71
2020-08-01,44,1904,2,73
2020-08-02,40,1944,2,75
2020-08-03,56,2000,2,77
2020-08-04,40,2040,1,78
2020-08-05,21,2061,1,79
2020-08-06,34,2095,4,83
2020-08-07,55,2150,3,86
2020-08-08,64,2214,4,90
2020-08-09,10,2224,2,92
2020-08-10,38,2262,2,94
2020-08-11,23,2285,1,95
2020-08-12,67,2352,2,97
2020-08-13,11,2363,0,97
2020-08-14,61,2424,1,98
2020-08-15,42,2466,2,100
2020-08-16,36,2502,0,100
2020-08-17,39,2541,0,100
2020-08-18,33,2574,1,101
2020-08-19,56,2630,1,102
2020-08-20,56,2686,4,106
2020-08-21,37,2723,0,106
2020-08-22,29,2752,3,109
2020-08-23,19,2771,0,109
2020-08-24,24,2795,1,110
2020-08-25,30,2825,1,111
2020-08-26,42,2867,2,113
2020-08-27,58,2925,0,113
2020-08-28,61,2986,2,115
2020-08-29,43,3029,3,118
2020-08-30,1,3030,2,120
2020-08-31,50,3080,0,120
2020-09-01,38,3118,1,121
2020-09-02,73,3191,1,122
2020-09-03,65,3256,2,124
2020-09-04,20,3276,0,124
2020-09-05,62,3338,2,126
2020-09-06,33,3371,1,127
2020-09-07,26,3397,2,129
2020-09-08,9,3406,1,130
2020-09-09,32,3438,3,133
2020-09-10,35,3473,1,134
2020-09-11,48,3521,2,136
2020-09-12,43,3564,2,138
2020-09-13,26,3590,3,141
2020-09-14,22,3612,2,143
2020-09-15,32,3644,2,145
2020-09-16,50,3694,0,145
2020-09-17,38,3732,0,145
2020-09-18,30,3762,0,145
2020-09-19,25,3787,4,149
2020-09-20,20,3807,1,150
2020-09-21,26,3833,2,152
2020-09-22,48,3881,0,152
2020-09-23,24,3905,1,153
2020-09-24,24,3929,0,153
2020-09-25,39,3968,2,155
2020-09-26,27,3995,6,161
2020-09-27,18,4013,0,161
2020-09-28,17,4030,0,161
2020-09-29,16,4046,2,163
2020-09-30,58,4104,0,163
2020-10-01,15,4119,0,163
2020-10-02,25,4144,0,163
2020-10-03,23,4167,6,169
2020-10-04,20,4187,2,171
2020-10-05,24,4211,0,171
2020-10-06,34,4245,0,171
2020-10-07,21,4266,0,171
2020-10-08,27,4293,1,172
2020-10-09,24,4317,0,172
2020-10-10,16,4333,0,172
2020-10-11,16,4349,0,172
2020-10-12,4,4353,0,172
2020-10-13,8,4361,0,172
2020-10-14,9,4370,0,172
2020-10-15,27,4397,1,173
2020-10-16,37,4434,1,174
2020-10-17,27,4461,0,174
2020-10-18,6,4467,0,174
2020-10-19,25,4492,2,176
2020-10-20,15,4507,1,177
2020-10-21,24,4531,0,177
2020-10-22,22,4553,0,177
2020-10-23,30,4583,0,177
2020-10-24,24,4607,0,177
2020-10-25,17,4624,1,178
2020-10-26,9,4633,0,178
2020-10-27,16,4649,0,178
2020-10-28,35,4684,0,178
2020-10-29,12,4696,0,178
2020-10-30,31,4727,0,178
2020-10-31,18,4745,0,178
2020-11-01,24,4769,0,178
2020-11-02,12,4781,0,178
2020-11-03,28,4809,0,178
2020-11-04,21,4830,1,179
2020-11-05,45,4875,0,179
2020-11-06,62,4937,0,179
2020-11-07,31,4968,0,179
2020-11-08,2,4970,0,179
2020-11-09,43,5013,0,179
2020-11-10,42,5055,4,183
2020-11-11,22,5077,2,185
2020-11-12,74,5151,4,189
2020-11-13,107,5258,1,190
2020-11-14,72,5330,0,190
2020-11-15,24,5354,0,190
2020-11-16,97,5451,3,193
2020-11-17,112,5563,2,195
2020-11-18,107,5670,2,197
2020-11-19,25,5695,1,198
2020-11-20,42,5737,1,199
2020-11-21,88,5825,0,199
2020-11-22,135,5960,0,199
2020-11-23,32,5992,4,203
2020-11-24,61,6053,2,205
2020-11-25,46,6099,5,210
2020-11-26,45,6144,2,212
2020-11-27,205,6349,2,214
2020-11-28,86,6435,0,214
2020-11-29,44,6479,2,216
2020-11-30,35,6514,0,216
2020-12-01,170,6684,4,220
2020-12-02,52,6736,3,223
2020-12-03,131,6867,2,225
2020-12-04,39,6906,1,226
2020-12-05,190,7096,0,226
2020-12-06,155,7251,2,228
2020-12-07,75,7326,5,233
2020-12-08,95,7421,4,237
2020-12-09,174,7595,2,239
2020-12-10,49,7644,5,244
2020-12-11,71,7715,2,246
2020-12-12,51,7766,0,246
2020-12-13,85,7851,4,250
2020-12-14,52,7903,1,251
2020-12-15,80,7983,3,254
2020-12-16,74,8057,3,257
2020-12-17,54,8111,1,258
2020-12-18,83,8194,0,258
2020-12-19,18,8212,4,262
2020-12-20,56,8268,2,264
2020-12-21,21,8289,5,269
2020-12-22,74,8363,3,272
2020-12-23,81,8444,2,274
2020-12-24,61,8505,2,276
2020-12-25,41,8546,0,276
2020-12-26,24,8570,3,279
2020-12-27,45,8615,2,281
2020-12-28,21,8636,4,285
2020-12-29,86,8722,3,288
2020-12-30,78,8800,1,289
2020-12-31,44,8844,5,294
2021-01-01,60,8904,0,294
2021-01-02,43,8947,1,295
2021-01-03,13,8960,3,298
2021-01-04,27,8987,0,298
2021-01-05,31,9018,1,299
2021-01-06,61,9079,0,299
2021-01-07,120,9199,2,301
2021-01-08,44,9243,3,304
2021-01-09,31,9274,0,304
2021-01-10,8,9282,1,305
2021-01-11,58,9340,1,306
2021-01-12,79,9419,1,307
2021-01-13,58,9477,0,307
2021-01-14,54,9531,3,310
2021-01-15,20,9551,2,312
2021-01-16,87,9638,0,312
2021-01-17,0,9638,1,313
2021-01-18,54,9692,2,315
2021-01-19,11,9703,1,316
2021-01-20,58,9761,3,319
2021-01-21,12,9773,1,320
2021-01-22,32,9805,1,321
2021-01-23,58,9863,1,322
2021-01-24,32,9895,1,323
2021-01-25,10,9905,1,324
2021-01-26,18,9923,2,326
2021-01-27,65,9988,2,328
2021-01-28,14,10002,0,328
2021-01-29,35,10037,0,328
2021-01-30,63,10100,0,328
2021-01-31,40,10140,1,329
2021-02-01,28,10168,1,330
2021-02-02,23,10191,1,331
2021-02-03,31,10222,1,332
2021-02-04,52,10274,1,333
2021-02-05,5,10279,1,334
2021-02-06,50,10329,2,336
2021-02-07,26,10355,0,336
2021-02-08,38,10393,0,336
2021-02-09,10,10403,0,336
2021-02-10,25,10428,0,336
2021-02-11,32,10460,2,338
2021-02-12,5,10465,0,338
2021-02-13,15,10480,0,338
2021-02-14,30,10510,0,338
2021-02-15,10,10520,0,338
2021-02-16,46,10566,0,338
2021-02-17,20,10586,0,338
2021-02-18,41,10627,0,338
2021-02-19,39,10666,1,339
2021-02-20,41,10707,1,340
2021-02-21,63,10770,1,341
2021-02-22,24,10794,0,341
2021-02-23,18,10812,3,344
2021-02-24,72,10884,1,345
2021-02-25,81,10965,1,346
2021-02-26,30,10995,1,347
2021-02-27,13,11008,1,348
2021-02-28,95,11103,0,348
2021-03-01,88,11191,3,351
2021-03-02,51,11242,0,351
2021-03-03,132,11374,3,354
2021-03-04,65,11439,0,354
2021-03-05,122,11561,0,354
2021-03-06,108,11669,2,356
2021-03-07,88,11757,3,359
2021-03-08,118,11875,0,359
2021-03-09,91,11966,3,362
2021-03-10,75,12041,1,363
2021-03-11,154,12195,4,367
2021-03-12,63,12258,3,370
2021-03-13,214,12472,1,371
2021-03-14,99,12571,1,372
2021-03-15,116,12687,3,375
2021-03-16,207,12894,8,383
2021-03-17,79,12973,7,390
2021-03-18,156,13129,8,398
2021-03-19,188,13317,2,400
2021-03-20,45,13362,5,405
2021-03-21,204,13566,5,410
2021-03-22,160,13726,3,413
2021-03-23,66,13792,8,421
2021-03-24,68,13860,7,428
2021-03-25,169,14029,2,430
2021-03-26,244,14273,3,433
2021-03-27,27,14300,3,436
2021-03-28,188,14488,8,444
2021-03-29,30,14518,4,448
2021-03-30,24,14542,0,448
2021-03-31,115,14657,9,457
2021-04-01,155,14812,2,459
2021-04-02,106,14918,2,461
2021-04-03,55,14973,0,461
2021-04-04,11,14984,3,464
2021-04-05,26,15010,4,468
2021-04-06,32,15042,2,470
2021-04-07,78,15120,1,471
2021-04-08,24,15144,1,472
2021-04-09,190,15334,1,473
2021-04-10,64,15398,2,475
2021-04-11,88,15486,1,476
2021-04-12,45,15531,3,479
2021-04-13,33,15564,6,485
2021-04-14,85,15649,7,492
2021-04-15,77,15726,1,493
2021-04-16,72,15798,3,496
2021-04-17,57,15855,0,496
2021-04-18,73,15928,0,496
2021-04-19,28,15956,0,496
2021-04-20,42,15998,0,496
2021-04-21,72,16070,1,497
2021-04-22,50,16120,0,497
2021-04-23,16,16136,0,497
2021-04-24,33,16169,0,497
2021-04-25,25,16194,0,497
2021-04-26,36,16230,0,497
