,casosNovos,casosAcumulados,obitosNovos,obitosAcumulados
2020-03-11,2,2,0,0
2020-03-12,3,5,0,0
2020-03-13,4,9,0,0
2020-03-14,1,10,0,0
2020-03-15,0,10,0,0
2020-03-16,3,13,0,0
2020-03-17,3,16,0,0
2020-03-18,16,32,0,0
2020-03-19,15,47,0,0
2020-03-20,11,58,0,0
2020-03-21,2,60,0,0
2020-03-22,11,71,0,0
2020-03-23,15,86,0,0
2020-03-24,11,97,0,0
2020-03-25,17,114,0,0
2020-03-26,12,126,0,0
2020-03-27,19,145,0,0
2020-03-28,7,152,0,0
2020-03-29,8,160,0,0
2020-03-30,14,174,0,0
2020-03-31,24,198,0,0
2020-04-01,15,213,0,0
2020-04-02,27,240,1,1
2020-04-03,45,285,0,1
2020-04-04,25,310,0,1
2020-04-05,8,318,0,1
2020-04-06,29,347,5,6
2020-04-07,26,373,4,10
2020-04-08,43,416,0,10
2020-04-09,29,445,0,10
2020-04-10,32,477,0,10
2020-04-11,24,501,0,10
2020-04-12,3,504,0,10
2020-04-13,19,523,1,11
2020-04-14,18,541,2,13
2020-04-15,32,573,0,13
2020-04-16,9,582,0,13
2020-04-17,28,610,0,13
2020-04-18,26,636,1,14
2020-04-19,8,644,1,15
2020-04-20,22,666,4,19
2020-04-21,10,676,1,20
2020-04-22,28,704,0,20
2020-04-23,22,726,0,20
2020-04-24,27,753,1,21
2020-04-25,10,763,2,23
2020-04-26,18,781,0,23
2020-04-27,24,805,2,25
2020-04-28,30,835,2,27
2020-04-29,32,867,5,32
2020-04-30,36,903,0,32
2020-05-01,27,930,0,32
2020-05-02,9,939,1,33
2020-05-03,4,943,2,35
2020-05-04,18,961,0,35
2020-05-05,18,979,0,35
2020-05-06,26,1005,2,37
2020-05-07,24,1029,0,37
2020-05-08,25,1054,0,37
2020-05-09,16,1070,1,38
2020-05-10,6,1076,0,38
2020-05-11,30,1106,0,38
2020-05-12,32,1138,2,40
2020-05-13,38,1176,0,40
2020-05-14,46,1222,1,41
2020-05-15,40,1262,1,42
2020-05-16,23,1285,0,42
2020-05-17,9,1294,1,43
2020-05-18,27,1321,1,44
2020-05-19,52,1373,0,44
2020-05-20,66,1439,0,44
2020-05-21,35,1474,2,46
2020-05-22,45,1519,0,46
2020-05-23,53,1572,0,46
2020-05-24,20,1592,3,49
2020-05-25,51,1643,1,50
2020-05-26,40,1683,1,51
2020-05-27,86,1769,4,55
2020-05-28,44,1813,2,57
2020-05-29,43,1856,1,58
2020-05-30,71,1927,2,60
2020-05-31,14,1941,2,62
2020-06-01,55,1996,1,63
2020-06-02,97,2093,1,64
2020-06-03,80,2173,1,65
2020-06-04,118,2291,2,67
2020-06-05,88,2379,6,73
2020-06-06,52,2431,1,74
2020-06-07,26,2457,1,75
2020-06-08,67,2524,7,82
2020-06-09,74,2598,5,87
2020-06-10,155,2753,4,91
2020-06-11,24,2777,7,98
2020-06-12,165,2942,3,101
2020-06-13,90,3032,5,106
2020-06-14,53,3085,1,107
2020-06-15,137,3222,2,109
2020-06-16,144,3366,3,112
2020-06-17,173,3539,6,118
2020-06-18,238,3777,3,121
2020-06-19,208,3985,3,124
2020-06-20,133,4118,9,133
2020-06-21,230,4348,4,137
2020-06-22,144,4492,4,141
2020-06-23,274,4766,5,146
2020-06-24,207,4973,5,151
2020-06-25,173,5146,4,155
2020-06-26,323,5469,8,163
2020-06-27,265,5734,16,179
2020-06-28,220,5954,4,183
2020-06-29,376,6330,6,189
2020-06-30,409,6739,7,196
2020-07-01,470,7209,14,210
2020-07-02,405,7614,4,214
2020-07-03,755,8369,8,222
2020-07-04,366,8735,12,234
2020-07-05,433,9168,11,245
2020-07-06,388,9556,12,257
2020-07-07,661,10217,14,271
2020-07-08,512,10729,9,280
2020-07-09,923,11652,5,285
2020-07-10,347,11999,13,298
2020-07-11,536,12535,18,316
2020-07-12,259,12794,14,330
2020-07-13,304,13098,18,348
2020-07-14,750,13848,22,370
2020-07-15,726,14574,18,388
2020-07-16,717,15291,13,401
2020-07-17,654,15945,13,414
2020-07-18,427,16372,18,432
2020-07-19,145,16517,21,453
2020-07-20,267,16784,15,468
2020-07-21,782,17566,14,482
2020-07-22,796,18362,21,503
2020-07-23,570,18932,11,514
2020-07-24,649,19581,14,528
2020-07-25,476,20057,8,536
2020-07-26,221,20278,16,552
2020-07-27,441,20719,22,574
2020-07-28,381,21100,26,600
2020-07-29,613,21713,16,616
2020-07-30,1578,23291,22,638
2020-07-31,698,23989,20,658
2020-08-01,231,24220,23,681
2020-08-02,386,24606,18,699
2020-08-03,437,25043,29,728
2020-08-04,755,25798,17,745
2020-08-05,828,26626,16,761
2020-08-06,421,27047,10,771
2020-08-07,526,27573,19,790
2020-08-08,447,28020,24,814
2020-08-09,287,28307,19,833
2020-08-10,359,28666,16,849
2020-08-11,709,29375,16,865
2020-08-12,480,29855,25,890
2020-08-13,636,30491,9,899
2020-08-14,646,31137,16,915
2020-08-15,263,31400,15,930
2020-08-16,80,31480,14,944
2020-08-17,284,31764,17,961
2020-08-18,551,32315,16,977
2020-08-19,554,32869,16,993
2020-08-20,379,33248,14,1007
2020-08-21,506,33754,15,1022
2020-08-22,270,34024,11,1033
2020-08-23,53,34077,10,1043
2020-08-24,339,34416,12,1055
2020-08-25,593,35009,18,1073
2020-08-26,514,35523,15,1088
2020-08-27,549,36072,13,1101
2020-08-28,637,36709,17,1118
2020-08-29,357,37066,11,1129
2020-08-30,64,37130,12,1141
2020-08-31,311,37441,12,1153
2020-09-01,712,38153,19,1172
2020-09-02,561,38714,17,1189
2020-09-03,527,39241,5,1194
2020-09-04,489,39730,10,1204
2020-09-05,389,40119,10,1214
2020-09-06,179,40298,10,1224
2020-09-07,243,40541,8,1232
2020-09-08,157,40698,13,1245
2020-09-09,516,41214,7,1252
2020-09-10,462,41676,11,1263
2020-09-11,599,42275,6,1269
2020-09-12,319,42594,12,1281
2020-09-13,70,42664,6,1287
2020-09-14,230,42894,15,1302
2020-09-15,618,43512,6,1308
2020-09-16,597,44109,17,1325
2020-09-17,403,44512,8,1333
2020-09-18,456,44968,6,1339
2020-09-19,242,45210,10,1349
2020-09-20,42,45252,14,1363
2020-09-21,366,45618,16,1379
2020-09-22,378,45996,8,1387
2020-09-23,467,46463,11,1398
2020-09-24,302,46765,10,1408
2020-09-25,428,47193,12,1420
2020-09-26,306,47499,7,1427
2020-09-27,34,47533,8,1435
2020-09-28,267,47800,7,1442
2020-09-29,370,48170,9,1451
2020-09-30,464,48634,6,1457
2020-10-01,309,48943,6,1463
2020-10-02,336,49279,5,1468
2020-10-03,216,49495,6,1474
2020-10-04,20,49515,4,1478
2020-10-05,359,49874,9,1487
2020-10-06,541,50415,8,1495
2020-10-07,476,50891,9,1504
2020-10-08,399,51290,7,1511
2020-10-09,310,51600,4,1515
2020-10-10,158,51758,10,1525
2020-10-11,89,51847,9,1534
2020-10-12,127,51974,6,1540
2020-10-13,258,52232,7,1547
2020-10-14,345,52577,7,1554
2020-10-15,279,52856,4,1558
2020-10-16,258,53114,6,1564
2020-10-17,128,53242,4,1568
2020-10-18,82,53324,6,1574
2020-10-19,309,53633,2,1576
2020-10-20,333,53966,2,1578
2020-10-21,328,54294,6,1584
2020-10-22,274,54568,7,1591
2020-10-23,309,54877,10,1601
2020-10-24,170,55047,6,1607
2020-10-25,124,55171,7,1614
2020-10-26,406,55577,5,1619
2020-10-27,389,55966,6,1625
2020-10-28,452,56418,10,1635
2020-10-29,446,56864,4,1639
2020-10-30,211,57075,4,1643
2020-10-31,132,57207,4,1647
2020-11-01,89,57296,9,1656
2020-11-02,255,57551,5,1661
2020-11-03,518,58069,5,1666
2020-11-04,595,58664,8,1674
2020-11-05,543,59207,7,1681
2020-11-06,827,60034,10,1691
2020-11-07,472,60506,2,1693
2020-11-08,291,60797,8,1701
2020-11-09,890,61687,6,1707
2020-11-10,981,62668,9,1716
2020-11-11,830,63498,10,1726
2020-11-12,1016,64514,8,1734
2020-11-13,1130,65644,6,1740
2020-11-14,675,66319,7,1747
2020-11-15,485,66804,5,1752
2020-11-16,1358,68162,16,1768
2020-11-17,1373,69535,12,1780
2020-11-18,1220,70755,9,1789
2020-11-19,1183,71938,10,1799
2020-11-20,1201,73139,9,1808
2020-11-21,626,73765,10,1818
2020-11-22,551,74316,8,1826
2020-11-23,1412,75728,12,1838
2020-11-24,1339,77067,16,1854
2020-11-25,1320,78387,16,1870
2020-11-26,1160,79547,13,1883
2020-11-27,809,80356,14,1897
2020-11-28,423,80779,23,1920
2020-11-29,561,81340,17,1937
2020-11-30,761,82101,11,1948
2020-12-01,1047,83148,12,1960
2020-12-02,1513,84661,23,1983
2020-12-03,1278,85939,20,2003
2020-12-04,981,86920,17,2020
2020-12-05,786,87706,13,2033
2020-12-06,1082,88788,11,2044
2020-12-07,918,89706,17,2061
2020-12-08,1479,91185,27,2088
2020-12-09,1612,92797,15,2103
2020-12-10,1069,93866,28,2131
2020-12-11,996,94862,20,2151
2020-12-12,761,95623,23,2174
2020-12-13,558,96181,18,2192
2020-12-14,712,96893,19,2211
2020-12-15,810,97703,20,2231
2020-12-16,886,98589,23,2254
2020-12-17,784,99373,24,2278
2020-12-18,576,99949,16,2294
2020-12-19,441,100390,14,2308
2020-12-20,470,100860,33,2341
2020-12-21,507,101367,19,2360
2020-12-22,475,101842,19,2379
2020-12-23,830,102672,19,2398
2020-12-24,515,103187,13,2411
2020-12-25,425,103612,18,2429
2020-12-26,178,103790,19,2448
2020-12-27,368,104158,14,2462
2020-12-28,660,104818,15,2477
2020-12-29,665,105483,16,2493
2020-12-30,407,105890,13,2506
2020-12-31,359,106249,10,2516
2021-01-01,253,106502,21,2537
2021-01-02,268,106770,10,2547
2021-01-03,258,107028,6,2553
2021-01-04,691,107719,14,2567
2021-01-05,528,108247,21,2588
2021-01-06,909,109156,9,2597
2021-01-07,846,110002,7,2604
2021-01-08,597,110599,9,2613
2021-01-09,500,111099,7,2620
2021-01-10,196,111295,7,2627
2021-01-11,540,111835,7,2634
2021-01-12,868,112703,12,2646
2021-01-13,883,113586,12,2658
2021-01-14,614,114200,7,2665
2021-01-15,693,114893,18,2683
2021-01-16,442,115335,13,2696
2021-01-17,56,115391,11,2707
2021-01-18,778,116169,8,2715
2021-01-19,200,116369,14,2729
2021-01-20,416,116785,7,2736
2021-01-21,455,117240,12,2748
2021-01-22,431,117671,14,2762
2021-01-23,352,118023,10,2772
2021-01-24,216,118239,13,2785
2021-01-25,444,118683,10,2795
2021-01-26,219,118902,12,2807
2021-01-27,647,119549,7,2814
2021-01-28,511,120060,6,2820
2021-01-29,368,120428,7,2827
2021-01-30,319,120747,14,2841
2021-01-31,27,120774,9,2850
2021-02-01,454,121228,7,2857
2021-02-02,216,121444,8,2865
2021-02-03,465,121909,12,2877
2021-02-04,379,122288,8,2885
2021-02-05,323,122611,12,2897
2021-02-06,442,123053,9,2906
2021-02-07,45,123098,5,2911
2021-02-08,421,123519,8,2919
2021-02-09,265,123784,15,2934
2021-02-10,535,124319,12,2946
2021-02-11,286,124605,9,2955
2021-02-12,49,124654,11,2966
2021-02-13,40,124694,12,2978
2021-02-14,19,124713,9,2987
2021-02-15,42,124755,10,2997
2021-02-16,62,124817,9,3006
2021-02-17,84,124901,8,3014
2021-02-18,78,124979,4,3018
2021-02-19,93,125072,6,3024
2021-02-20,89,125161,8,3032
2021-02-21,58,125219,5,3037
2021-02-22,113,125332,15,3052
2021-02-23,260,125592,11,3063
2021-02-24,376,125968,13,3076
2021-02-25,134,126102,11,3087
2021-02-26,463,126565,14,3101
2021-02-27,276,126841,4,3105
2021-02-28,163,127004,20,3125
2021-03-01,177,127181,11,3136
2021-03-02,375,127556,13,3149
2021-03-03,462,128018,8,3157
2021-03-04,362,128380,15,3172
2021-03-05,296,128676,19,3191
2021-03-06,468,129144,15,3206
2021-03-07,377,129521,20,3226
2021-03-08,115,129636,18,3244
2021-03-09,251,129887,16,3260
2021-03-10,664,130551,27,3287
2021-03-11,625,131176,33,3320
2021-03-12,314,131490,21,3341
2021-03-13,413,131903,34,3375
2021-03-14,552,132455,28,3403
2021-03-15,365,132820,39,3442
2021-03-16,498,133318,33,3475
2021-03-17,912,134230,41,3516
2021-03-18,793,135023,26,3542
2021-03-19,328,135351,36,3578
2021-03-20,457,135808,22,3600
2021-03-21,527,136335,31,3631
2021-03-22,485,136820,43,3674
2021-03-23,519,137339,32,3706
2021-03-24,656,137995,28,3734
2021-03-25,482,138477,30,3764
2021-03-26,404,138881,31,3795
2021-03-27,394,139275,30,3825
2021-03-28,197,139472,31,3856
2021-03-29,351,139823,41,3897
2021-03-30,208,140031,32,3929
2021-03-31,547,140578,31,3960
2021-04-01,327,140905,21,3981
2021-04-02,221,141126,19,4000
2021-04-03,246,141372,21,4021
2021-04-04,74,141446,27,4048
2021-04-05,262,141708,19,4067
2021-04-06,88,141796,17,4084
2021-04-07,220,142016,29,4113
2021-04-08,233,142249,13,4126
2021-04-09,272,142521,23,4149
2021-04-10,94,142615,19,4168
2021-04-11,92,142707,21,4189
2021-04-12,314,143021,21,4210
2021-04-13,98,143119,22,4232
2021-04-14,426,143545,23,4255
2021-04-15,285,143830,14,4269
2021-04-16,335,144165,12,4281
2021-04-17,303,144468,11,4292
2021-04-18,55,144523,5,4297
2021-04-19,376,144899,15,4312
2021-04-20,98,144997,7,4319
2021-04-21,296,145293,12,4331
2021-04-22,74,145367,3,4334
2021-04-23,174,145541,1,4335
2021-04-24,157,145698,0,4335
2021-04-25,42,145740,0,4335
2021-04-26,168,145908,0,4335
