,casosNovos,casosAcumulados,obitosNovos,obitosAcumulados
2020-03-31,1,1,0,0
2020-04-01,1,2,0,0
2020-04-02,1,3,0,0
2020-04-03,1,4,0,0
2020-04-04,0,4,0,0
2020-04-05,0,4,0,0
2020-04-06,1,5,0,0
2020-04-07,2,7,0,0
2020-04-08,1,8,0,0
2020-04-09,0,8,0,0
2020-04-10,0,8,0,0
2020-04-11,0,8,0,0
2020-04-12,0,8,0,0
2020-04-13,5,13,0,0
2020-04-14,2,15,0,0
2020-04-15,0,15,0,0
2020-04-16,0,15,0,0
2020-04-17,0,15,0,0
2020-04-18,0,15,0,0
2020-04-19,1,16,0,0
2020-04-20,0,16,0,0
2020-04-21,0,16,0,0
2020-04-22,0,16,0,0
2020-04-23,2,18,0,0
2020-04-24,2,20,0,0
2020-04-25,1,21,0,0
2020-04-26,1,22,0,0
2020-04-27,0,22,0,0
2020-04-28,1,23,1,1
2020-04-29,5,28,0,1
2020-04-30,1,29,0,1
2020-05-01,0,29,0,1
2020-05-02,0,29,0,1
2020-05-03,2,31,1,2
2020-05-04,1,32,1,3
2020-05-05,2,34,0,3
2020-05-06,2,36,0,3
2020-05-07,0,36,0,3
2020-05-08,0,36,0,3
2020-05-09,1,37,0,3
2020-05-10,0,37,0,3
2020-05-11,0,37,0,3
2020-05-12,3,40,0,3
2020-05-13,0,40,0,3
2020-05-14,5,45,0,3
2020-05-15,3,48,0,3
2020-05-16,0,48,0,3
2020-05-17,5,53,0,3
2020-05-18,1,54,0,3
2020-05-19,3,57,0,3
2020-05-20,6,63,0,3
2020-05-21,3,66,1,4
2020-05-22,0,66,0,4
2020-05-23,0,66,0,4
2020-05-24,3,69,0,4
2020-05-25,3,72,0,4
2020-05-26,1,73,0,4
2020-05-27,4,77,0,4
2020-05-28,2,79,0,4
2020-05-29,0,79,0,4
2020-05-30,5,84,0,4
2020-05-31,0,84,0,4
2020-06-01,0,84,0,4
2020-06-02,9,93,0,4
2020-06-03,5,98,0,4
2020-06-04,4,102,0,4
2020-06-05,6,108,0,4
2020-06-06,5,113,1,5
2020-06-07,5,118,1,6
2020-06-08,3,121,0,6
2020-06-09,2,123,1,7
2020-06-10,9,132,0,7
2020-06-11,0,132,0,7
2020-06-12,8,140,0,7
2020-06-13,2,142,0,7
2020-06-14,2,144,1,8
2020-06-15,12,156,2,10
2020-06-16,9,165,0,10
2020-06-17,18,183,0,10
2020-06-18,11,194,0,10
2020-06-19,4,198,0,10
2020-06-20,21,219,1,11
2020-06-21,5,224,0,11
2020-06-22,20,244,0,11
2020-06-23,5,249,0,11
2020-06-24,22,271,1,12
2020-06-25,3,274,0,12
2020-06-26,21,295,0,12
2020-06-27,9,304,0,12
2020-06-28,10,314,1,13
2020-06-29,30,344,2,15
2020-06-30,9,353,0,15
2020-07-01,35,388,1,16
2020-07-02,34,422,1,17
2020-07-03,52,474,2,19
2020-07-04,47,521,0,19
2020-07-05,30,551,0,19
2020-07-06,33,584,0,19
2020-07-07,20,604,0,19
2020-07-08,52,656,1,20
2020-07-09,23,679,1,21
2020-07-10,77,756,1,22
2020-07-11,39,795,0,22
2020-07-12,27,822,0,22
2020-07-13,18,840,0,22
2020-07-14,14,854,1,23
2020-07-15,59,913,0,23
2020-07-16,48,961,0,23
2020-07-17,45,1006,0,23
2020-07-18,26,1032,1,24
2020-07-19,13,1045,0,24
2020-07-20,31,1076,0,24
2020-07-21,18,1094,2,26
2020-07-22,57,1151,2,28
2020-07-23,72,1223,1,29
2020-07-24,39,1262,0,29
2020-07-25,24,1286,2,31
2020-07-26,14,1300,2,33
2020-07-27,50,1350,2,35
2020-07-28,8,1358,3,38
2020-07-29,12,1370,1,39
2020-07-30,24,1394,3,42
2020-07-31,72,1466,1,43
2020-08-01,25,1491,1,44
2020-08-02,21,1512,0,44
2020-08-03,38,1550,3,47
2020-08-04,9,1559,0,47
2020-08-05,19,1578,2,49
2020-08-06,25,1603,0,49
2020-08-07,39,1642,3,52
2020-08-08,48,1690,1,53
2020-08-09,12,1702,3,56
2020-08-10,36,1738,2,58
2020-08-11,36,1774,0,58
2020-08-12,27,1801,1,59
2020-08-13,20,1821,0,59
2020-08-14,18,1839,1,60
2020-08-15,4,1843,0,60
2020-08-16,39,1882,0,60
2020-08-17,13,1895,2,62
2020-08-18,14,1909,1,63
2020-08-19,48,1957,0,63
2020-08-20,17,1974,2,65
2020-08-21,9,1983,0,65
2020-08-22,14,1997,0,65
2020-08-23,28,2025,1,66
2020-08-24,13,2038,1,67
2020-08-25,24,2062,0,67
2020-08-26,11,2073,0,67
2020-08-27,46,2119,0,67
2020-08-28,17,2136,0,67
2020-08-29,41,2177,2,69
2020-08-30,12,2189,0,69
2020-08-31,7,2196,0,69
2020-09-01,31,2227,1,70
2020-09-02,40,2267,0,70
2020-09-03,23,2290,0,70
2020-09-04,38,2328,2,72
2020-09-05,12,2340,1,73
2020-09-06,29,2369,1,74
2020-09-07,6,2375,0,74
2020-09-08,9,2384,1,75
2020-09-09,40,2424,0,75
2020-09-10,20,2444,0,75
2020-09-11,36,2480,3,78
2020-09-12,31,2511,0,78
2020-09-13,2,2513,1,79
2020-09-14,10,2523,0,79
2020-09-15,5,2528,0,79
2020-09-16,46,2574,1,80
2020-09-17,17,2591,0,80
2020-09-18,19,2610,0,80
2020-09-19,22,2632,0,80
2020-09-20,0,2632,0,80
2020-09-21,8,2640,1,81
2020-09-22,10,2650,0,81
2020-09-23,40,2690,0,81
2020-09-24,12,2702,1,82
2020-09-25,25,2727,1,83
2020-09-26,16,2743,1,84
2020-09-27,4,2747,0,84
2020-09-28,5,2752,0,84
2020-09-29,14,2766,1,85
2020-09-30,24,2790,0,85
2020-10-01,17,2807,0,85
2020-10-02,16,2823,0,85
2020-10-03,19,2842,0,85
2020-10-04,2,2844,0,85
2020-10-05,4,2848,0,85
2020-10-06,22,2870,0,85
2020-10-07,19,2889,0,85
2020-10-08,5,2894,0,85
2020-10-09,13,2907,0,85
2020-10-10,10,2917,0,85
2020-10-11,0,2917,1,86
2020-10-12,1,2918,0,86
2020-10-13,5,2923,0,86
2020-10-14,13,2936,0,86
2020-10-15,6,2942,0,86
2020-10-16,2,2944,0,86
2020-10-17,7,2951,0,86
2020-10-18,9,2960,0,86
2020-10-19,3,2963,0,86
2020-10-20,8,2971,0,86
2020-10-21,24,2995,1,87
2020-10-22,7,3002,0,87
2020-10-23,10,3012,0,87
2020-10-24,2,3014,0,87
2020-10-25,1,3015,1,88
2020-10-26,2,3017,0,88
2020-10-27,17,3034,0,88
2020-10-28,1,3035,0,88
2020-10-29,27,3062,0,88
2020-10-30,4,3066,0,88
2020-10-31,24,3090,0,88
2020-11-01,1,3091,0,88
2020-11-02,1,3092,0,88
2020-11-03,4,3096,0,88
2020-11-04,55,3151,0,88
2020-11-05,26,3177,0,88
2020-11-06,34,3211,1,89
2020-11-07,5,3216,0,89
2020-11-08,31,3247,0,89
2020-11-09,7,3254,0,89
2020-11-10,6,3260,0,89
2020-11-11,49,3309,2,91
2020-11-12,43,3352,1,92
2020-11-13,15,3367,0,92
2020-11-14,44,3411,0,92
2020-11-15,60,3471,1,93
2020-11-16,28,3499,0,93
2020-11-17,5,3504,0,93
2020-11-18,114,3618,2,95
2020-11-19,16,3634,0,95
2020-11-20,76,3710,0,95
2020-11-21,4,3714,0,95
2020-11-22,24,3738,2,97
2020-11-23,44,3782,2,99
2020-11-24,6,3788,1,100
2020-11-25,92,3880,0,100
2020-11-26,12,3892,2,102
2020-11-27,132,4024,2,104
2020-11-28,27,4051,0,104
2020-11-29,5,4056,0,104
2020-11-30,26,4082,0,104
2020-12-01,71,4153,1,105
2020-12-02,79,4232,2,107
2020-12-03,117,4349,0,107
2020-12-04,11,4360,1,108
2020-12-05,55,4415,0,108
2020-12-06,32,4447,0,108
2020-12-07,81,4528,0,108
2020-12-08,27,4555,1,109
2020-12-09,97,4652,1,110
2020-12-10,35,4687,1,111
2020-12-11,11,4698,1,112
2020-12-12,3,4701,1,113
2020-12-13,74,4775,2,115
2020-12-14,18,4793,1,116
2020-12-15,91,4884,3,119
2020-12-16,53,4937,1,120
2020-12-17,9,4946,1,121
2020-12-18,32,4978,2,123
2020-12-19,47,5025,1,124
2020-12-20,8,5033,0,124
2020-12-21,33,5066,1,125
2020-12-22,53,5119,3,128
2020-12-23,35,5154,0,128
2020-12-24,4,5158,0,128
2020-12-25,3,5161,1,129
2020-12-26,3,5164,0,129
2020-12-27,6,5170,2,131
2020-12-28,9,5179,1,132
2020-12-29,52,5231,0,132
2020-12-30,38,5269,3,135
2020-12-31,4,5273,0,135
2021-01-01,40,5313,0,135
2021-01-02,6,5319,0,135
2021-01-03,2,5321,0,135
2021-01-04,4,5325,0,135
2021-01-05,37,5362,0,135
2021-01-06,9,5371,1,136
2021-01-07,73,5444,0,136
2021-01-08,31,5475,1,137
2021-01-09,27,5502,0,137
2021-01-10,7,5509,0,137
2021-01-11,23,5532,1,138
2021-01-12,40,5572,3,141
2021-01-13,23,5595,1,142
2021-01-14,17,5612,0,142
2021-01-15,34,5646,1,143
2021-01-16,20,5666,1,144
2021-01-17,12,5678,0,144
2021-01-18,7,5685,0,144
2021-01-19,37,5722,1,145
2021-01-20,24,5746,1,146
2021-01-21,11,5757,0,146
2021-01-22,43,5800,1,147
2021-01-23,21,5821,0,147
2021-01-24,16,5837,3,150
2021-01-25,8,5845,0,150
2021-01-26,4,5849,0,150
2021-01-27,7,5856,1,151
2021-01-28,83,5939,0,151
2021-01-29,18,5957,0,151
2021-01-30,12,5969,1,152
2021-01-31,13,5982,0,152
2021-02-01,8,5990,0,152
2021-02-02,37,6027,1,153
2021-02-03,35,6062,0,153
2021-02-04,28,6090,0,153
2021-02-05,25,6115,0,153
2021-02-06,11,6126,0,153
2021-02-07,1,6127,1,154
2021-02-08,12,6139,0,154
2021-02-09,43,6182,1,155
2021-02-10,8,6190,0,155
2021-02-11,43,6233,0,155
2021-02-12,9,6242,1,156
2021-02-13,22,6264,0,156
2021-02-14,21,6285,0,156
2021-02-15,11,6296,0,156
2021-02-16,6,6302,0,156
2021-02-17,36,6338,2,158
2021-02-18,11,6349,0,158
2021-02-19,6,6355,0,158
2021-02-20,36,6391,0,158
2021-02-21,118,6509,0,158
2021-02-22,11,6520,0,158
2021-02-23,63,6583,0,158
2021-02-24,43,6626,0,158
2021-02-25,46,6672,1,159
2021-02-26,21,6693,1,160
2021-02-27,36,6729,0,160
2021-02-28,55,6784,0,160
2021-03-01,25,6809,1,161
2021-03-02,14,6823,2,163
2021-03-03,143,6966,4,167
2021-03-04,18,6984,3,170
2021-03-05,47,7031,1,171
2021-03-06,95,7126,1,172
2021-03-07,27,7153,1,173
2021-03-08,102,7255,0,173
2021-03-09,28,7283,3,176
2021-03-10,76,7359,3,179
2021-03-11,64,7423,3,182
2021-03-12,161,7584,1,183
2021-03-13,19,7603,2,185
2021-03-14,55,7658,2,187
2021-03-15,135,7793,1,188
2021-03-16,46,7839,4,192
2021-03-17,48,7887,6,198
2021-03-18,122,8009,2,200
2021-03-19,128,8137,1,201
2021-03-20,11,8148,3,204
2021-03-21,61,8209,3,207
2021-03-22,146,8355,3,210
2021-03-23,22,8377,2,212
2021-03-24,83,8460,5,217
2021-03-25,97,8557,1,218
2021-03-26,73,8630,2,220
2021-03-27,94,8724,0,220
2021-03-28,48,8772,1,221
2021-03-29,11,8783,4,225
2021-03-30,21,8804,2,227
2021-03-31,108,8912,0,227
2021-04-01,57,8969,3,230
2021-04-02,54,9023,3,233
2021-04-03,35,9058,0,233
2021-04-04,1,9059,2,235
2021-04-05,63,9122,0,235
2021-04-06,33,9155,1,236
2021-04-07,14,9169,1,237
2021-04-08,92,9261,1,238
2021-04-09,56,9317,0,238
2021-04-10,65,9382,1,239
2021-04-11,9,9391,0,239
2021-04-12,53,9444,0,239
2021-04-13,12,9456,0,239
2021-04-14,67,9523,0,239
2021-04-15,44,9567,0,239
2021-04-16,52,9619,1,240
2021-04-17,56,9675,0,240
2021-04-18,28,9703,1,241
2021-04-19,46,9749,1,242
2021-04-20,4,9753,0,242
2021-04-21,62,9815,0,242
2021-04-22,19,9834,0,242
2021-04-23,52,9886,0,242
2021-04-24,28,9914,0,242
2021-04-25,32,9946,0,242
2021-04-26,20,9966,0,242
