,casosNovos,casosAcumulados,obitosNovos,obitosAcumulados
2020-03-25,1,1,0,0
2020-03-26,0,1,0,0
2020-03-27,0,1,0,0
2020-03-28,0,1,0,0
2020-03-29,0,1,0,0
2020-03-30,0,1,0,0
2020-03-31,0,1,0,0
2020-04-01,0,1,0,0
2020-04-02,0,1,0,0
2020-04-03,0,1,0,0
2020-04-04,0,1,0,0
2020-04-05,0,1,0,0
2020-04-06,0,1,0,0
2020-04-07,0,1,0,0
2020-04-08,0,1,0,0
2020-04-09,0,1,0,0
2020-04-10,0,1,0,0
2020-04-11,0,1,0,0
2020-04-12,0,1,0,0
2020-04-13,0,1,0,0
2020-04-14,0,1,0,0
2020-04-15,0,1,0,0
2020-04-16,0,1,0,0
2020-04-17,1,2,0,0
2020-04-18,0,2,0,0
2020-04-19,0,2,0,0
2020-04-20,0,2,0,0
2020-04-21,0,2,0,0
2020-04-22,0,2,0,0
2020-04-23,0,2,0,0
2020-04-24,0,2,0,0
2020-04-25,0,2,0,0
2020-04-26,0,2,0,0
2020-04-27,0,2,0,0
2020-04-28,0,2,0,0
2020-04-29,0,2,0,0
2020-04-30,0,2,0,0
2020-05-01,3,5,0,0
2020-05-02,0,5,0,0
2020-05-03,0,5,0,0
2020-05-04,0,5,0,0
2020-05-05,2,7,0,0
2020-05-06,1,8,0,0
2020-05-07,0,8,0,0
2020-05-08,0,8,0,0
2020-05-09,0,8,0,0
2020-05-10,0,8,0,0
2020-05-11,0,8,0,0
2020-05-12,0,8,0,0
2020-05-13,0,8,0,0
2020-05-14,0,8,0,0
2020-05-15,0,8,0,0
2020-05-16,0,8,0,0
2020-05-17,0,8,0,0
2020-05-18,0,8,0,0
2020-05-19,0,8,0,0
2020-05-20,0,8,0,0
2020-05-21,0,8,0,0
2020-05-22,0,8,0,0
2020-05-23,0,8,0,0
2020-05-24,0,8,0,0
2020-05-25,0,8,0,0
2020-05-26,0,8,0,0
2020-05-27,0,8,0,0
2020-05-28,0,8,0,0
2020-05-29,0,8,0,0
2020-05-30,0,8,0,0
2020-05-31,0,8,0,0
2020-06-01,0,8,0,0
2020-06-02,0,8,0,0
2020-06-03,0,8,0,0
2020-06-04,0,8,0,0
2020-06-05,0,8,0,0
2020-06-06,0,8,0,0
2020-06-07,0,8,0,0
2020-06-08,0,8,0,0
2020-06-09,0,8,0,0
2020-06-10,0,8,0,0
2020-06-11,0,8,0,0
2020-06-12,0,8,0,0
2020-06-13,1,9,0,0
2020-06-14,0,9,0,0
2020-06-15,1,10,0,0
2020-06-16,1,11,0,0
2020-06-17,2,13,1,1
2020-06-18,2,15,0,1
2020-06-19,5,20,0,1
2020-06-20,0,20,0,1
2020-06-21,0,20,0,1
2020-06-22,0,20,0,1
2020-06-23,0,20,0,1
2020-06-24,2,22,0,1
2020-06-25,2,24,0,1
2020-06-26,7,31,0,1
2020-06-27,0,31,0,1
2020-06-28,0,31,0,1
2020-06-29,17,48,0,1
2020-06-30,3,51,0,1
2020-07-01,38,89,0,1
2020-07-02,7,96,0,1
2020-07-03,15,111,0,1
2020-07-04,1,112,0,1
2020-07-05,15,127,0,1
2020-07-06,12,139,0,1
2020-07-07,3,142,0,1
2020-07-08,6,148,1,2
2020-07-09,21,169,0,2
2020-07-10,5,174,1,3
2020-07-11,13,187,0,3
2020-07-12,13,200,0,3
2020-07-13,22,222,0,3
2020-07-14,1,223,1,4
2020-07-15,29,252,2,6
2020-07-16,32,284,0,6
2020-07-17,2,286,1,7
2020-07-18,19,305,0,7
2020-07-19,12,317,0,7
2020-07-20,2,319,0,7
2020-07-21,34,353,0,7
2020-07-22,14,367,0,7
2020-07-23,13,380,0,7
2020-07-24,27,407,0,7
2020-07-25,42,449,0,7
2020-07-26,3,452,0,7
2020-07-27,35,487,0,7
2020-07-28,10,497,0,7
2020-07-29,19,516,0,7
2020-07-30,12,528,0,7
2020-07-31,19,547,0,7
2020-08-01,29,576,0,7
2020-08-02,16,592,0,7
2020-08-03,37,629,0,7
2020-08-04,3,632,0,7
2020-08-05,27,659,1,8
2020-08-06,25,684,0,8
2020-08-07,4,688,1,9
2020-08-08,17,705,0,9
2020-08-09,23,728,0,9
2020-08-10,17,745,0,9
2020-08-11,4,749,1,10
2020-08-12,18,767,0,10
2020-08-13,21,788,0,10
2020-08-14,6,794,1,11
2020-08-15,12,806,1,12
2020-08-16,7,813,0,12
2020-08-17,10,823,0,12
2020-08-18,4,827,0,12
2020-08-19,27,854,1,13
2020-08-20,4,858,0,13
2020-08-21,21,879,0,13
2020-08-22,7,886,0,13
2020-08-23,3,889,0,13
2020-08-24,3,892,0,13
2020-08-25,0,892,0,13
2020-08-26,17,909,0,13
2020-08-27,7,916,0,13
2020-08-28,5,921,1,14
2020-08-29,7,928,1,15
2020-08-30,0,928,1,16
2020-08-31,4,932,0,16
2020-09-01,6,938,0,16
2020-09-02,4,942,1,17
2020-09-03,10,952,0,17
2020-09-04,4,956,0,17
2020-09-05,6,962,0,17
2020-09-06,5,967,1,18
2020-09-07,0,967,0,18
2020-09-08,1,968,0,18
2020-09-09,5,973,0,18
2020-09-10,4,977,0,18
2020-09-11,0,977,0,18
2020-09-12,7,984,0,18
2020-09-13,0,984,0,18
2020-09-14,0,984,1,19
2020-09-15,7,991,0,19
2020-09-16,10,1001,0,19
2020-09-17,0,1001,0,19
2020-09-18,13,1014,0,19
2020-09-19,5,1019,0,19
2020-09-20,6,1025,0,19
2020-09-21,2,1027,0,19
2020-09-22,1,1028,0,19
2020-09-23,6,1034,0,19
2020-09-24,3,1037,0,19
2020-09-25,5,1042,0,19
2020-09-26,3,1045,0,19
2020-09-27,2,1047,0,19
2020-09-28,3,1050,0,19
2020-09-29,3,1053,0,19
2020-09-30,3,1056,0,19
2020-10-01,3,1059,1,20
2020-10-02,9,1068,0,20
2020-10-03,1,1069,1,21
2020-10-04,1,1070,0,21
2020-10-05,0,1070,0,21
2020-10-06,7,1077,0,21
2020-10-07,0,1077,0,21
2020-10-08,1,1078,0,21
2020-10-09,3,1081,0,21
2020-10-10,4,1085,0,21
2020-10-11,0,1085,0,21
2020-10-12,2,1087,0,21
2020-10-13,1,1088,0,21
2020-10-14,1,1089,0,21
2020-10-15,2,1091,0,21
2020-10-16,3,1094,0,21
2020-10-17,1,1095,0,21
2020-10-18,5,1100,0,21
2020-10-19,1,1101,0,21
2020-10-20,0,1101,0,21
2020-10-21,7,1108,0,21
2020-10-22,14,1122,0,21
2020-10-23,2,1124,0,21
2020-10-24,1,1125,0,21
2020-10-25,3,1128,1,22
2020-10-26,1,1129,0,22
2020-10-27,0,1129,0,22
2020-10-28,10,1139,0,22
2020-10-29,6,1145,0,22
2020-10-30,6,1151,0,22
2020-10-31,0,1151,0,22
2020-11-01,3,1154,0,22
2020-11-02,8,1162,1,23
2020-11-03,0,1162,0,23
2020-11-04,6,1168,0,23
2020-11-05,6,1174,0,23
2020-11-06,2,1176,0,23
2020-11-07,2,1178,0,23
2020-11-08,3,1181,0,23
2020-11-09,2,1183,0,23
2020-11-10,7,1190,0,23
2020-11-11,11,1201,0,23
2020-11-12,0,1201,0,23
2020-11-13,9,1210,0,23
2020-11-14,2,1212,0,23
2020-11-15,3,1215,0,23
2020-11-16,2,1217,0,23
2020-11-17,2,1219,0,23
2020-11-18,11,1230,0,23
2020-11-19,0,1230,0,23
2020-11-20,19,1249,0,23
2020-11-21,4,1253,0,23
2020-11-22,16,1269,0,23
2020-11-23,5,1274,0,23
2020-11-24,10,1284,0,23
2020-11-25,11,1295,0,23
2020-11-26,12,1307,0,23
2020-11-27,1,1308,0,23
2020-11-28,19,1327,1,24
2020-11-29,2,1329,0,24
2020-11-30,12,1341,0,24
2020-12-01,1,1342,0,24
2020-12-02,8,1350,1,25
2020-12-03,10,1360,0,25
2020-12-04,9,1369,0,25
2020-12-05,9,1378,0,25
2020-12-06,1,1379,0,25
2020-12-07,16,1395,1,26
2020-12-08,2,1397,0,26
2020-12-09,11,1408,0,26
2020-12-10,14,1422,0,26
2020-12-11,1,1423,1,27
2020-12-12,0,1423,0,27
2020-12-13,13,1436,0,27
2020-12-14,2,1438,1,28
2020-12-15,18,1456,0,28
2020-12-16,10,1466,0,28
2020-12-17,7,1473,0,28
2020-12-18,12,1485,0,28
2020-12-19,6,1491,0,28
2020-12-20,3,1494,0,28
2020-12-21,6,1500,0,28
2020-12-22,2,1502,0,28
2020-12-23,4,1506,0,28
2020-12-24,7,1513,0,28
2020-12-25,1,1514,0,28
2020-12-26,0,1514,1,29
2020-12-27,14,1528,0,29
2020-12-28,1,1529,0,29
2020-12-29,1,1530,0,29
2020-12-30,17,1547,0,29
2020-12-31,1,1548,1,30
2021-01-01,12,1560,0,30
2021-01-02,9,1569,0,30
2021-01-03,0,1569,0,30
2021-01-04,6,1575,0,30
2021-01-05,0,1575,0,30
2021-01-06,25,1600,3,33
2021-01-07,8,1608,0,33
2021-01-08,17,1625,0,33
2021-01-09,5,1630,0,33
2021-01-10,10,1640,0,33
2021-01-11,5,1645,0,33
2021-01-12,2,1647,0,33
2021-01-13,18,1665,0,33
2021-01-14,9,1674,0,33
2021-01-15,5,1679,0,33
2021-01-16,1,1680,0,33
2021-01-17,0,1680,0,33
2021-01-18,1,1681,0,33
2021-01-19,7,1688,0,33
2021-01-20,18,1706,0,33
2021-01-21,4,1710,0,33
2021-01-22,6,1716,0,33
2021-01-23,10,1726,0,33
2021-01-24,5,1731,0,33
2021-01-25,0,1731,0,33
2021-01-26,0,1731,0,33
2021-01-27,2,1733,0,33
2021-01-28,20,1753,0,33
2021-01-29,13,1766,0,33
2021-01-30,2,1768,1,34
2021-01-31,0,1768,0,34
2021-02-01,4,1772,1,35
2021-02-02,1,1773,0,35
2021-02-03,22,1795,0,35
2021-02-04,1,1796,0,35
2021-02-05,10,1806,0,35
2021-02-06,7,1813,0,35
2021-02-07,1,1814,0,35
2021-02-08,2,1816,0,35
2021-02-09,0,1816,0,35
2021-02-10,11,1827,0,35
2021-02-11,3,1830,0,35
2021-02-12,6,1836,0,35
2021-02-13,8,1844,0,35
2021-02-14,5,1849,0,35
2021-02-15,0,1849,0,35
2021-02-16,6,1855,0,35
2021-02-17,1,1856,1,36
2021-02-18,18,1874,0,36
2021-02-19,9,1883,0,36
2021-02-20,10,1893,0,36
2021-02-21,21,1914,0,36
2021-02-22,9,1923,0,36
2021-02-23,10,1933,0,36
2021-02-24,23,1956,1,37
2021-02-25,21,1977,1,38
2021-02-26,3,1980,1,39
2021-02-27,23,2003,0,39
2021-02-28,19,2022,0,39
2021-03-01,22,2044,2,41
2021-03-02,2,2046,1,42
2021-03-03,9,2055,0,42
2021-03-04,49,2104,2,44
2021-03-05,21,2125,2,46
2021-03-06,36,2161,2,48
2021-03-07,52,2213,0,48
2021-03-08,3,2216,2,50
2021-03-09,40,2256,0,50
2021-03-10,52,2308,0,50
2021-03-11,37,2345,1,51
2021-03-12,49,2394,3,54
2021-03-13,44,2438,0,54
2021-03-14,30,2468,0,54
2021-03-15,9,2477,4,58
2021-03-16,65,2542,0,58
2021-03-17,8,2550,2,60
2021-03-18,2,2552,2,62
2021-03-19,42,2594,1,63
2021-03-20,66,2660,1,64
2021-03-21,38,2698,0,64
2021-03-22,7,2705,1,65
2021-03-23,32,2737,0,65
2021-03-24,51,2788,2,67
2021-03-25,32,2820,1,68
2021-03-26,23,2843,0,68
2021-03-27,19,2862,1,69
2021-03-28,27,2889,2,71
2021-03-29,5,2894,2,73
2021-03-30,6,2900,3,76
2021-03-31,10,2910,0,76
2021-04-01,18,2928,0,76
2021-04-02,4,2932,0,76
2021-04-03,14,2946,0,76
2021-04-04,12,2958,0,76
2021-04-05,14,2972,1,77
2021-04-06,1,2973,0,77
2021-04-07,18,2991,1,78
2021-04-08,5,2996,1,79
2021-04-09,11,3007,0,79
2021-04-10,8,3015,2,81
2021-04-11,11,3026,0,81
2021-04-12,0,3026,0,81
2021-04-13,2,3028,3,84
2021-04-14,17,3045,1,85
2021-04-15,20,3065,1,86
2021-04-16,12,3077,0,86
2021-04-17,8,3085,0,86
2021-04-18,10,3095,0,86
2021-04-19,12,3107,0,86
2021-04-20,1,3108,0,86
2021-04-21,7,3115,0,86
2021-04-22,4,3119,1,87
2021-04-23,3,3122,0,87
2021-04-24,12,3134,0,87
2021-04-25,0,3134,0,87
2021-04-26,3,3137,1,88
