,casosNovos,casosAcumulados,obitosNovos,obitosAcumulados
2020-03-21,1,1,0,0
2020-03-22,0,1,0,0
2020-03-23,1,2,0,0
2020-03-24,1,3,0,0
2020-03-25,0,3,0,0
2020-03-26,0,3,0,0
2020-03-27,0,3,0,0
2020-03-28,0,3,0,0
2020-03-29,0,3,0,0
2020-03-30,0,3,0,0
2020-03-31,2,5,0,0
2020-04-01,1,6,0,0
2020-04-02,1,7,0,0
2020-04-03,0,7,0,0
2020-04-04,2,9,0,0
2020-04-05,0,9,0,0
2020-04-06,1,10,0,0
2020-04-07,1,11,0,0
2020-04-08,3,14,0,0
2020-04-09,0,14,0,0
2020-04-10,1,15,0,0
2020-04-11,1,16,0,0
2020-04-12,0,16,0,0
2020-04-13,0,16,1,1
2020-04-14,0,16,0,1
2020-04-15,2,18,0,1
2020-04-16,2,20,0,1
2020-04-17,1,21,0,1
2020-04-18,1,22,0,1
2020-04-19,0,22,0,1
2020-04-20,0,22,0,1
2020-04-21,1,23,0,1
2020-04-22,0,23,0,1
2020-04-23,0,23,0,1
2020-04-24,2,25,0,1
2020-04-25,1,26,0,1
2020-04-26,0,26,0,1
2020-04-27,0,26,1,2
2020-04-28,1,27,0,2
2020-04-29,0,27,0,2
2020-04-30,1,28,0,2
2020-05-01,0,28,0,2
2020-05-02,0,28,0,2
2020-05-03,0,28,0,2
2020-05-04,0,28,0,2
2020-05-05,0,28,0,2
2020-05-06,1,29,0,2
2020-05-07,3,32,0,2
2020-05-08,2,34,0,2
2020-05-09,3,37,0,2
2020-05-10,0,37,0,2
2020-05-11,1,38,0,2
2020-05-12,4,42,0,2
2020-05-13,3,45,0,2
2020-05-14,3,48,0,2
2020-05-15,3,51,0,2
2020-05-16,0,51,0,2
2020-05-17,1,52,0,2
2020-05-18,1,53,0,2
2020-05-19,8,61,0,2
2020-05-20,5,66,1,3
2020-05-21,0,66,0,3
2020-05-22,0,66,0,3
2020-05-23,2,68,0,3
2020-05-24,2,70,0,3
2020-05-25,4,74,0,3
2020-05-26,3,77,0,3
2020-05-27,11,88,0,3
2020-05-28,3,91,0,3
2020-05-29,5,96,0,3
2020-05-30,5,101,0,3
2020-05-31,5,106,0,3
2020-06-01,5,111,1,4
2020-06-02,9,120,0,4
2020-06-03,7,127,0,4
2020-06-04,13,140,0,4
2020-06-05,13,153,0,4
2020-06-06,6,159,0,4
2020-06-07,6,165,0,4
2020-06-08,5,170,0,4
2020-06-09,4,174,0,4
2020-06-10,15,189,0,4
2020-06-11,0,189,2,6
2020-06-12,14,203,0,6
2020-06-13,0,203,0,6
2020-06-14,5,208,0,6
2020-06-15,8,216,1,7
2020-06-16,15,231,0,7
2020-06-17,43,274,0,7
2020-06-18,16,290,1,8
2020-06-19,4,294,0,8
2020-06-20,12,306,0,8
2020-06-21,25,331,0,8
2020-06-22,16,347,2,10
2020-06-23,29,376,0,10
2020-06-24,48,424,0,10
2020-06-25,24,448,0,10
2020-06-26,30,478,0,10
2020-06-27,11,489,0,10
2020-06-28,27,516,0,10
2020-06-29,31,547,0,10
2020-06-30,45,592,0,10
2020-07-01,42,634,0,10
2020-07-02,96,730,1,11
2020-07-03,48,778,0,11
2020-07-04,43,821,2,13
2020-07-05,98,919,0,13
2020-07-06,17,936,4,17
2020-07-07,33,969,1,18
2020-07-08,58,1027,0,18
2020-07-09,53,1080,1,19
2020-07-10,31,1111,0,19
2020-07-11,57,1168,1,20
2020-07-12,54,1222,5,25
2020-07-13,20,1242,2,27
2020-07-14,40,1282,1,28
2020-07-15,47,1329,0,28
2020-07-16,48,1377,1,29
2020-07-17,51,1428,1,30
2020-07-18,44,1472,1,31
2020-07-19,33,1505,0,31
2020-07-20,59,1564,0,31
2020-07-21,53,1617,1,32
2020-07-22,60,1677,3,35
2020-07-23,39,1716,1,36
2020-07-24,42,1758,2,38
2020-07-25,35,1793,2,40
2020-07-26,10,1803,3,43
2020-07-27,44,1847,1,44
2020-07-28,23,1870,0,44
2020-07-29,14,1884,1,45
2020-07-30,38,1922,0,45
2020-07-31,36,1958,2,47
2020-08-01,29,1987,1,48
2020-08-02,23,2010,3,51
2020-08-03,50,2060,0,51
2020-08-04,53,2113,3,54
2020-08-05,56,2169,2,56
2020-08-06,41,2210,1,57
2020-08-07,43,2253,1,58
2020-08-08,24,2277,0,58
2020-08-09,37,2314,0,58
2020-08-10,51,2365,3,61
2020-08-11,35,2400,1,62
2020-08-12,58,2458,0,62
2020-08-13,25,2483,1,63
2020-08-14,49,2532,0,63
2020-08-15,41,2573,1,64
2020-08-16,5,2578,0,64
2020-08-17,37,2615,0,64
2020-08-18,19,2634,1,65
2020-08-19,41,2675,1,66
2020-08-20,37,2712,3,69
2020-08-21,42,2754,0,69
2020-08-22,16,2770,3,72
2020-08-23,17,2787,0,72
2020-08-24,20,2807,0,72
2020-08-25,36,2843,1,73
2020-08-26,26,2869,0,73
2020-08-27,31,2900,1,74
2020-08-28,20,2920,3,77
2020-08-29,20,2940,1,78
2020-08-30,25,2965,0,78
2020-08-31,23,2988,0,78
2020-09-01,30,3018,1,79
2020-09-02,47,3065,2,81
2020-09-03,34,3099,0,81
2020-09-04,29,3128,1,82
2020-09-05,27,3155,0,82
2020-09-06,26,3181,1,83
2020-09-07,3,3184,0,83
2020-09-08,23,3207,1,84
2020-09-09,26,3233,0,84
2020-09-10,33,3266,0,84
2020-09-11,34,3300,3,87
2020-09-12,25,3325,0,87
2020-09-13,20,3345,0,87
2020-09-14,16,3361,0,87
2020-09-15,31,3392,0,87
2020-09-16,15,3407,0,87
2020-09-17,67,3474,2,89
2020-09-18,32,3506,0,89
2020-09-19,27,3533,1,90
2020-09-20,15,3548,1,91
2020-09-21,8,3556,0,91
2020-09-22,12,3568,0,91
2020-09-23,25,3593,0,91
2020-09-24,19,3612,0,91
2020-09-25,19,3631,1,92
2020-09-26,17,3648,1,93
2020-09-27,13,3661,1,94
2020-09-28,13,3674,0,94
2020-09-29,23,3697,1,95
2020-09-30,26,3723,1,96
2020-10-01,6,3729,0,96
2020-10-02,15,3744,1,97
2020-10-03,11,3755,1,98
2020-10-04,23,3778,0,98
2020-10-05,23,3801,0,98
2020-10-06,25,3826,0,98
2020-10-07,34,3860,0,98
2020-10-08,23,3883,2,100
2020-10-09,27,3910,0,100
2020-10-10,7,3917,1,101
2020-10-11,14,3931,0,101
2020-10-12,10,3941,0,101
2020-10-13,6,3947,0,101
2020-10-14,10,3957,0,101
2020-10-15,13,3970,0,101
2020-10-16,17,3987,1,102
2020-10-17,8,3995,0,102
2020-10-18,14,4009,1,103
2020-10-19,7,4016,2,105
2020-10-20,20,4036,1,106
2020-10-21,30,4066,0,106
2020-10-22,21,4087,0,106
2020-10-23,10,4097,0,106
2020-10-24,11,4108,0,106
2020-10-25,15,4123,0,106
2020-10-26,6,4129,0,106
2020-10-27,9,4138,0,106
2020-10-28,24,4162,0,106
2020-10-29,11,4173,0,106
2020-10-30,17,4190,0,106
2020-10-31,12,4202,0,106
2020-11-01,0,4202,0,106
2020-11-02,14,4216,0,106
2020-11-03,7,4223,0,106
2020-11-04,26,4249,1,107
2020-11-05,30,4279,0,107
2020-11-06,25,4304,0,107
2020-11-07,31,4335,1,108
2020-11-08,13,4348,0,108
2020-11-09,28,4376,0,108
2020-11-10,42,4418,0,108
2020-11-11,22,4440,0,108
2020-11-12,49,4489,1,109
2020-11-13,68,4557,0,109
2020-11-14,74,4631,1,110
2020-11-15,83,4714,0,110
2020-11-16,14,4728,1,111
2020-11-17,54,4782,0,111
2020-11-18,31,4813,1,112
2020-11-19,68,4881,0,112
2020-11-20,92,4973,0,112
2020-11-21,72,5045,0,112
2020-11-22,85,5130,0,112
2020-11-23,71,5201,1,113
2020-11-24,52,5253,2,115
2020-11-25,127,5380,2,117
2020-11-26,78,5458,1,118
2020-11-27,70,5528,0,118
2020-11-28,99,5627,2,120
2020-11-29,21,5648,0,120
2020-11-30,92,5740,1,121
2020-12-01,111,5851,1,122
2020-12-02,104,5955,1,123
2020-12-03,67,6022,4,127
2020-12-04,84,6106,0,127
2020-12-05,54,6160,1,128
2020-12-06,101,6261,1,129
2020-12-07,119,6380,0,129
2020-12-08,48,6428,2,131
2020-12-09,38,6466,0,131
2020-12-10,141,6607,3,134
2020-12-11,132,6739,1,135
2020-12-12,86,6825,2,137
2020-12-13,38,6863,0,137
2020-12-14,107,6970,0,137
2020-12-15,44,7014,4,141
2020-12-16,78,7092,1,142
2020-12-17,41,7133,1,143
2020-12-18,36,7169,2,145
2020-12-19,26,7195,1,146
2020-12-20,110,7305,1,147
2020-12-21,28,7333,4,151
2020-12-22,15,7348,1,152
2020-12-23,36,7384,1,153
2020-12-24,54,7438,1,154
2020-12-25,35,7473,2,156
2020-12-26,26,7499,0,156
2020-12-27,14,7513,2,158
2020-12-28,26,7539,2,160
2020-12-29,33,7572,1,161
2020-12-30,72,7644,1,162
2020-12-31,39,7683,1,163
2021-01-01,29,7712,2,165
2021-01-02,6,7718,0,165
2021-01-03,4,7722,2,167
2021-01-04,15,7737,2,169
2021-01-05,17,7754,4,173
2021-01-06,75,7829,0,173
2021-01-07,70,7899,1,174
2021-01-08,60,7959,1,175
2021-01-09,44,8003,1,176
2021-01-10,1,8004,2,178
2021-01-11,43,8047,2,180
2021-01-12,14,8061,0,180
2021-01-13,81,8142,0,180
2021-01-14,38,8180,0,180
2021-01-15,35,8215,0,180
2021-01-16,31,8246,2,182
2021-01-17,26,8272,2,184
2021-01-18,25,8297,0,184
2021-01-19,8,8305,0,184
2021-01-20,53,8358,0,184
2021-01-21,30,8388,0,184
2021-01-22,29,8417,1,185
2021-01-23,23,8440,0,185
2021-01-24,19,8459,0,185
2021-01-25,5,8464,0,185
2021-01-26,5,8469,0,185
2021-01-27,53,8522,2,187
2021-01-28,25,8547,0,187
2021-01-29,23,8570,0,187
2021-01-30,24,8594,0,187
2021-01-31,2,8596,0,187
2021-02-01,19,8615,0,187
2021-02-02,15,8630,1,188
2021-02-03,52,8682,1,189
2021-02-04,20,8702,0,189
2021-02-05,19,8721,0,189
2021-02-06,11,8732,0,189
2021-02-07,19,8751,1,190
2021-02-08,5,8756,2,192
2021-02-09,25,8781,0,192
2021-02-10,35,8816,1,193
2021-02-11,27,8843,0,193
2021-02-12,10,8853,1,194
2021-02-13,11,8864,1,195
2021-02-14,14,8878,1,196
2021-02-15,6,8884,0,196
2021-02-16,7,8891,0,196
2021-02-17,24,8915,1,197
2021-02-18,12,8927,1,198
2021-02-19,11,8938,1,199
2021-02-20,58,8996,0,199
2021-02-21,40,9036,0,199
2021-02-22,19,9055,1,200
2021-02-23,44,9099,0,200
2021-02-24,70,9169,0,200
2021-02-25,24,9193,0,200
2021-02-26,42,9235,1,201
2021-02-27,35,9270,1,202
2021-02-28,4,9274,2,204
2021-03-01,60,9334,0,204
2021-03-02,30,9364,1,205
2021-03-03,94,9458,1,206
2021-03-04,19,9477,1,207
2021-03-05,69,9546,3,210
2021-03-06,66,9612,1,211
2021-03-07,4,9616,1,212
2021-03-08,94,9710,4,216
2021-03-09,34,9744,0,216
2021-03-10,67,9811,2,218
2021-03-11,138,9949,3,221
2021-03-12,90,10039,1,222
2021-03-13,92,10131,3,225
2021-03-14,15,10146,1,226
2021-03-15,111,10257,2,228
2021-03-16,57,10314,3,231
2021-03-17,140,10454,5,236
2021-03-18,90,10544,5,241
2021-03-19,113,10657,2,243
2021-03-20,69,10726,3,246
2021-03-21,28,10754,1,247
2021-03-22,81,10835,4,251
2021-03-23,59,10894,3,254
2021-03-24,105,10999,1,255
2021-03-25,63,11062,3,258
2021-03-26,58,11120,2,260
2021-03-27,10,11130,2,262
2021-03-28,54,11184,1,263
2021-03-29,24,11208,2,265
2021-03-30,47,11255,3,268
2021-03-31,71,11326,0,268
2021-04-01,37,11363,0,268
2021-04-02,24,11387,0,268
2021-04-03,10,11397,1,269
2021-04-04,5,11402,0,269
2021-04-05,22,11424,4,273
2021-04-06,18,11442,5,278
2021-04-07,73,11515,6,284
2021-04-08,53,11568,4,288
2021-04-09,35,11603,8,296
2021-04-10,32,11635,1,297
2021-04-11,4,11639,1,298
2021-04-12,38,11677,6,304
2021-04-13,15,11692,4,308
2021-04-14,61,11753,3,311
2021-04-15,39,11792,5,316
2021-04-16,39,11831,5,321
2021-04-17,45,11876,0,321
2021-04-18,3,11879,1,322
2021-04-19,32,11911,1,323
2021-04-20,29,11940,3,326
2021-04-21,56,11996,1,327
2021-04-22,14,12010,1,328
2021-04-23,29,12039,4,332
2021-04-24,45,12084,0,332
2021-04-25,0,12084,2,334
2021-04-26,18,12102,1,335
