,casosNovos,casosAcumulados,obitosNovos,obitosAcumulados
2020-04-01,1,1,0,0
2020-04-02,1,2,0,0
2020-04-03,0,2,0,0
2020-04-04,0,2,0,0
2020-04-05,0,2,0,0
2020-04-06,0,2,0,0
2020-04-07,1,3,0,0
2020-04-08,0,3,0,0
2020-04-09,1,4,0,0
2020-04-10,0,4,0,0
2020-04-11,0,4,0,0
2020-04-12,0,4,0,0
2020-04-13,0,4,0,0
2020-04-14,0,4,0,0
2020-04-15,0,4,0,0
2020-04-16,0,4,0,0
2020-04-17,0,4,0,0
2020-04-18,0,4,0,0
2020-04-19,0,4,0,0
2020-04-20,0,4,0,0
2020-04-21,0,4,0,0
2020-04-22,0,4,0,0
2020-04-23,0,4,0,0
2020-04-24,0,4,0,0
2020-04-25,0,4,0,0
2020-04-26,2,6,0,0
2020-04-27,2,8,0,0
2020-04-28,0,8,0,0
2020-04-29,1,9,0,0
2020-04-30,3,12,0,0
2020-05-01,1,13,0,0
2020-05-02,0,13,0,0
2020-05-03,0,13,0,0
2020-05-04,2,15,0,0
2020-05-05,1,16,0,0
2020-05-06,2,18,0,0
2020-05-07,3,21,0,0
2020-05-08,1,22,0,0
2020-05-09,1,23,0,0
2020-05-10,0,23,0,0
2020-05-11,0,23,0,0
2020-05-12,0,23,0,0
2020-05-13,3,26,0,0
2020-05-14,0,26,0,0
2020-05-15,1,27,0,0
2020-05-16,1,28,0,0
2020-05-17,1,29,0,0
2020-05-18,1,30,0,0
2020-05-19,5,35,0,0
2020-05-20,6,41,0,0
2020-05-21,0,41,0,0
2020-05-22,0,41,0,0
2020-05-23,4,45,0,0
2020-05-24,0,45,0,0
2020-05-25,0,45,0,0
2020-05-26,2,47,0,0
2020-05-27,6,53,0,0
2020-05-28,0,53,1,1
2020-05-29,4,57,0,1
2020-05-30,4,61,0,1
2020-05-31,3,64,1,2
2020-06-01,0,64,1,3
2020-06-02,8,72,0,3
2020-06-03,11,83,2,5
2020-06-04,11,94,0,5
2020-06-05,14,108,0,5
2020-06-06,1,109,0,5
2020-06-07,0,109,0,5
2020-06-08,0,109,0,5
2020-06-09,13,122,0,5
2020-06-10,27,149,0,5
2020-06-11,3,152,0,5
2020-06-12,6,158,1,6
2020-06-13,6,164,1,7
2020-06-14,8,172,0,7
2020-06-15,0,172,0,7
2020-06-16,15,187,0,7
2020-06-17,29,216,0,7
2020-06-18,15,231,0,7
2020-06-19,6,237,0,7
2020-06-20,9,246,0,7
2020-06-21,9,255,2,9
2020-06-22,20,275,2,11
2020-06-23,5,280,0,11
2020-06-24,18,298,0,11
2020-06-25,45,343,0,11
2020-06-26,18,361,1,12
2020-06-27,8,369,0,12
2020-06-28,11,380,0,12
2020-06-29,23,403,1,13
2020-06-30,18,421,1,14
2020-07-01,22,443,2,16
2020-07-02,23,466,1,17
2020-07-03,45,511,1,18
2020-07-04,14,525,3,21
2020-07-05,23,548,0,21
2020-07-06,18,566,1,22
2020-07-07,16,582,0,22
2020-07-08,20,602,5,27
2020-07-09,24,626,2,29
2020-07-10,19,645,1,30
2020-07-11,14,659,2,32
2020-07-12,20,679,1,33
2020-07-13,17,696,1,34
2020-07-14,18,714,0,34
2020-07-15,10,724,1,35
2020-07-16,28,752,0,35
2020-07-17,27,779,2,37
2020-07-18,11,790,0,37
2020-07-19,7,797,1,38
2020-07-20,57,854,3,41
2020-07-21,31,885,3,44
2020-07-22,18,903,1,45
2020-07-23,22,925,1,46
2020-07-24,6,931,0,46
2020-07-25,17,948,0,46
2020-07-26,8,956,1,47
2020-07-27,23,979,1,48
2020-07-28,11,990,2,50
2020-07-29,23,1013,1,51
2020-07-30,41,1054,0,51
2020-07-31,38,1092,1,52
2020-08-01,10,1102,1,53
2020-08-02,19,1121,0,53
2020-08-03,42,1163,0,53
2020-08-04,36,1199,3,56
2020-08-05,31,1230,0,56
2020-08-06,10,1240,1,57
2020-08-07,82,1322,1,58
2020-08-08,33,1355,0,58
2020-08-09,6,1361,2,60
2020-08-10,64,1425,2,62
2020-08-11,33,1458,4,66
2020-08-12,81,1539,1,67
2020-08-13,45,1584,0,67
2020-08-14,94,1678,1,68
2020-08-15,12,1690,0,68
2020-08-16,29,1719,0,68
2020-08-17,17,1736,2,70
2020-08-18,30,1766,0,70
2020-08-19,29,1795,1,71
2020-08-20,46,1841,1,72
2020-08-21,12,1853,1,73
2020-08-22,46,1899,0,73
2020-08-23,25,1924,0,73
2020-08-24,48,1972,1,74
2020-08-25,12,1984,1,75
2020-08-26,33,2017,1,76
2020-08-27,21,2038,0,76
2020-08-28,35,2073,0,76
2020-08-29,10,2083,0,76
2020-08-30,21,2104,0,76
2020-08-31,4,2108,1,77
2020-09-01,20,2128,1,78
2020-09-02,47,2175,0,78
2020-09-03,19,2194,0,78
2020-09-04,11,2205,0,78
2020-09-05,24,2229,0,78
2020-09-06,23,2252,0,78
2020-09-07,3,2255,1,79
2020-09-08,12,2267,0,79
2020-09-09,26,2293,0,79
2020-09-10,41,2334,1,80
2020-09-11,34,2368,1,81
2020-09-12,13,2381,0,81
2020-09-13,15,2396,0,81
2020-09-14,5,2401,1,82
2020-09-15,12,2413,0,82
2020-09-16,20,2433,0,82
2020-09-17,13,2446,0,82
2020-09-18,15,2461,1,83
2020-09-19,24,2485,0,83
2020-09-20,2,2487,1,84
2020-09-21,7,2494,0,84
2020-09-22,29,2523,2,86
2020-09-23,18,2541,0,86
2020-09-24,8,2549,0,86
2020-09-25,15,2564,0,86
2020-09-26,5,2569,1,87
2020-09-27,23,2592,1,88
2020-09-28,6,2598,2,90
2020-09-29,24,2622,1,91
2020-09-30,26,2648,1,92
2020-10-01,16,2664,0,92
2020-10-02,10,2674,0,92
2020-10-03,24,2698,1,93
2020-10-04,9,2707,1,94
2020-10-05,9,2716,0,94
2020-10-06,25,2741,0,94
2020-10-07,23,2764,0,94
2020-10-08,8,2772,1,95
2020-10-09,19,2791,0,95
2020-10-10,16,2807,1,96
2020-10-11,3,2810,0,96
2020-10-12,3,2813,1,97
2020-10-13,13,2826,0,97
2020-10-14,14,2840,0,97
2020-10-15,6,2846,1,98
2020-10-16,4,2850,1,99
2020-10-17,6,2856,0,99
2020-10-18,8,2864,0,99
2020-10-19,6,2870,1,100
2020-10-20,5,2875,0,100
2020-10-21,33,2908,0,100
2020-10-22,8,2916,0,100
2020-10-23,6,2922,0,100
2020-10-24,6,2928,0,100
2020-10-25,9,2937,0,100
2020-10-26,4,2941,0,100
2020-10-27,17,2958,0,100
2020-10-28,10,2968,0,100
2020-10-29,15,2983,0,100
2020-10-30,8,2991,2,102
2020-10-31,13,3004,0,102
2020-11-01,19,3023,0,102
2020-11-02,0,3023,0,102
2020-11-03,0,3023,0,102
2020-11-04,35,3058,0,102
2020-11-05,4,3062,0,102
2020-11-06,29,3091,0,102
2020-11-07,25,3116,0,102
2020-11-08,14,3130,1,103
2020-11-09,14,3144,0,103
2020-11-10,5,3149,0,103
2020-11-11,21,3170,3,106
2020-11-12,14,3184,1,107
2020-11-13,34,3218,0,107
2020-11-14,26,3244,0,107
2020-11-15,49,3293,0,107
2020-11-16,9,3302,0,107
2020-11-17,5,3307,0,107
2020-11-18,41,3348,1,108
2020-11-19,96,3444,0,108
2020-11-20,19,3463,0,108
2020-11-21,55,3518,0,108
2020-11-22,28,3546,0,108
2020-11-23,58,3604,0,108
2020-11-24,5,3609,1,109
2020-11-25,99,3708,0,109
2020-11-26,75,3783,0,109
2020-11-27,56,3839,0,109
2020-11-28,54,3893,0,109
2020-11-29,57,3950,0,109
2020-11-30,91,4041,2,111
2020-12-01,62,4103,2,113
2020-12-02,91,4194,3,116
2020-12-03,37,4231,1,117
2020-12-04,98,4329,0,117
2020-12-05,94,4423,1,118
2020-12-06,88,4511,0,118
2020-12-07,39,4550,1,119
2020-12-08,67,4617,2,121
2020-12-09,80,4697,2,123
2020-12-10,68,4765,0,123
2020-12-11,63,4828,0,123
2020-12-12,59,4887,0,123
2020-12-13,24,4911,1,124
2020-12-14,41,4952,2,126
2020-12-15,36,4988,3,129
2020-12-16,105,5093,0,129
2020-12-17,60,5153,0,129
2020-12-18,7,5160,0,129
2020-12-19,50,5210,0,129
2020-12-20,35,5245,1,130
2020-12-21,19,5264,0,130
2020-12-22,31,5295,0,130
2020-12-23,36,5331,1,131
2020-12-24,62,5393,0,131
2020-12-25,8,5401,1,132
2020-12-26,30,5431,1,133
2020-12-27,32,5463,0,133
2020-12-28,14,5477,0,133
2020-12-29,22,5499,1,134
2020-12-30,80,5579,0,134
2020-12-31,8,5587,0,134
2021-01-01,25,5612,0,134
2021-01-02,12,5624,2,136
2021-01-03,25,5649,0,136
2021-01-04,20,5669,0,136
2021-01-05,19,5688,0,136
2021-01-06,28,5716,0,136
2021-01-07,58,5774,2,138
2021-01-08,34,5808,1,139
2021-01-09,16,5824,0,139
2021-01-10,20,5844,0,139
2021-01-11,16,5860,1,140
2021-01-12,56,5916,1,141
2021-01-13,4,5920,1,142
2021-01-14,45,5965,0,142
2021-01-15,15,5980,2,144
2021-01-16,13,5993,0,144
2021-01-17,39,6032,0,144
2021-01-18,5,6037,0,144
2021-01-19,36,6073,0,144
2021-01-20,1,6074,0,144
2021-01-21,28,6102,4,148
2021-01-22,10,6112,0,148
2021-01-23,23,6135,0,148
2021-01-24,17,6152,0,148
2021-01-25,7,6159,0,148
2021-01-26,20,6179,1,149
2021-01-27,10,6189,1,150
2021-01-28,11,6200,0,150
2021-01-29,28,6228,1,151
2021-01-30,19,6247,0,151
2021-01-31,1,6248,0,151
2021-02-01,36,6284,0,151
2021-02-02,22,6306,0,151
2021-02-03,18,6324,0,151
2021-02-04,23,6347,1,152
2021-02-05,12,6359,0,152
2021-02-06,23,6382,1,153
2021-02-07,12,6394,0,153
2021-02-08,9,6403,0,153
2021-02-09,6,6409,0,153
2021-02-10,19,6428,0,153
2021-02-11,14,6442,0,153
2021-02-12,2,6444,0,153
2021-02-13,13,6457,0,153
2021-02-14,9,6466,0,153
2021-02-15,8,6474,0,153
2021-02-16,11,6485,0,153
2021-02-17,15,6500,2,155
2021-02-18,14,6514,0,155
2021-02-19,27,6541,0,155
2021-02-20,41,6582,0,155
2021-02-21,34,6616,1,156
2021-02-22,18,6634,0,156
2021-02-23,9,6643,0,156
2021-02-24,51,6694,0,156
2021-02-25,34,6728,1,157
2021-02-26,26,6754,0,157
2021-02-27,28,6782,1,158
2021-02-28,46,6828,0,158
2021-03-01,48,6876,2,160
2021-03-02,14,6890,0,160
2021-03-03,24,6914,2,162
2021-03-04,26,6940,3,165
2021-03-05,76,7016,1,166
2021-03-06,35,7051,1,167
2021-03-07,56,7107,0,167
2021-03-08,27,7134,1,168
2021-03-09,36,7170,3,171
2021-03-10,73,7243,0,171
2021-03-11,68,7311,2,173
2021-03-12,145,7456,0,173
2021-03-13,60,7516,3,176
2021-03-14,43,7559,1,177
2021-03-15,28,7587,5,182
2021-03-16,169,7756,1,183
2021-03-17,138,7894,0,183
2021-03-18,32,7926,4,187
2021-03-19,95,8021,2,189
2021-03-20,61,8082,1,190
2021-03-21,22,8104,1,191
2021-03-22,77,8181,1,192
2021-03-23,38,8219,0,192
2021-03-24,48,8267,1,193
2021-03-25,84,8351,0,193
2021-03-26,88,8439,1,194
2021-03-27,32,8471,2,196
2021-03-28,44,8515,3,199
2021-03-29,18,8533,1,200
2021-03-30,48,8581,3,203
2021-03-31,72,8653,2,205
2021-04-01,13,8666,1,206
2021-04-02,18,8684,0,206
2021-04-03,27,8711,0,206
2021-04-04,23,8734,1,207
2021-04-05,5,8739,0,207
2021-04-06,3,8742,1,208
2021-04-07,62,8804,0,208
2021-04-08,48,8852,1,209
2021-04-09,39,8891,3,212
2021-04-10,16,8907,2,214
2021-04-11,12,8919,0,214
2021-04-12,18,8937,0,214
2021-04-13,14,8951,1,215
2021-04-14,74,9025,0,215
2021-04-15,32,9057,0,215
2021-04-16,15,9072,0,215
2021-04-17,30,9102,0,215
2021-04-18,65,9167,0,215
2021-04-19,2,9169,0,215
2021-04-20,3,9172,0,215
2021-04-21,46,9218,0,215
2021-04-22,22,9240,1,216
2021-04-23,18,9258,0,216
2021-04-24,6,9264,0,216
2021-04-25,6,9270,0,216
2021-04-26,19,9289,0,216
