,casosNovos,casosAcumulados,obitosNovos,obitosAcumulados
2020-04-07,1,1,0,0
2020-04-08,0,1,0,0
2020-04-09,0,1,0,0
2020-04-10,0,1,0,0
2020-04-11,0,1,0,0
2020-04-12,0,1,0,0
2020-04-13,0,1,0,0
2020-04-14,0,1,0,0
2020-04-15,0,1,0,0
2020-04-16,0,1,0,0
2020-04-17,0,1,0,0
2020-04-18,0,1,0,0
2020-04-19,0,1,0,0
2020-04-20,0,1,0,0
2020-04-21,0,1,0,0
2020-04-22,0,1,0,0
2020-04-23,0,1,0,0
2020-04-24,0,1,0,0
2020-04-25,0,1,0,0
2020-04-26,0,1,0,0
2020-04-27,0,1,0,0
2020-04-28,0,1,0,0
2020-04-29,0,1,0,0
2020-04-30,0,1,0,0
2020-05-01,0,1,0,0
2020-05-02,0,1,0,0
2020-05-03,1,2,0,0
2020-05-04,0,2,0,0
2020-05-05,0,2,0,0
2020-05-06,0,2,0,0
2020-05-07,0,2,0,0
2020-05-08,0,2,0,0
2020-05-09,0,2,0,0
2020-05-10,0,2,0,0
2020-05-11,0,2,0,0
2020-05-12,1,3,0,0
2020-05-13,0,3,0,0
2020-05-14,0,3,0,0
2020-05-15,2,5,0,0
2020-05-16,0,5,0,0
2020-05-17,0,5,0,0
2020-05-18,0,5,0,0
2020-05-19,0,5,0,0
2020-05-20,0,5,0,0
2020-05-21,2,7,0,0
2020-05-22,0,7,0,0
2020-05-23,2,9,0,0
2020-05-24,4,13,0,0
2020-05-25,0,13,0,0
2020-05-26,0,13,2,2
2020-05-27,3,16,0,2
2020-05-28,1,17,0,2
2020-05-29,1,18,0,2
2020-05-30,2,20,0,2
2020-05-31,3,23,0,2
2020-06-01,2,25,0,2
2020-06-02,3,28,0,2
2020-06-03,0,28,0,2
2020-06-04,6,34,0,2
2020-06-05,2,36,0,2
2020-06-06,10,46,0,2
2020-06-07,0,46,0,2
2020-06-08,1,47,0,2
2020-06-09,3,50,0,2
2020-06-10,5,55,0,2
2020-06-11,1,56,0,2
2020-06-12,0,56,0,2
2020-06-13,3,59,0,2
2020-06-14,3,62,0,2
2020-06-15,2,64,0,2
2020-06-16,1,65,0,2
2020-06-17,2,67,0,2
2020-06-18,3,70,0,2
2020-06-19,6,76,0,2
2020-06-20,6,82,0,2
2020-06-21,7,89,0,2
2020-06-22,2,91,2,4
2020-06-23,2,93,0,4
2020-06-24,7,100,1,5
2020-06-25,4,104,0,5
2020-06-26,12,116,0,5
2020-06-27,0,116,0,5
2020-06-28,0,116,0,5
2020-06-29,7,123,0,5
2020-06-30,6,129,0,5
2020-07-01,6,135,1,6
2020-07-02,10,145,0,6
2020-07-03,8,153,0,6
2020-07-04,10,163,0,6
2020-07-05,4,167,0,6
2020-07-06,12,179,0,6
2020-07-07,2,181,0,6
2020-07-08,3,184,0,6
2020-07-09,10,194,0,6
2020-07-10,9,203,1,7
2020-07-11,9,212,0,7
2020-07-12,2,214,0,7
2020-07-13,6,220,0,7
2020-07-14,5,225,0,7
2020-07-15,7,232,0,7
2020-07-16,12,244,2,9
2020-07-17,7,251,0,9
2020-07-18,4,255,0,9
2020-07-19,12,267,0,9
2020-07-20,5,272,0,9
2020-07-21,22,294,1,10
2020-07-22,7,301,0,10
2020-07-23,2,303,0,10
2020-07-24,7,310,0,10
2020-07-25,4,314,0,10
2020-07-26,0,314,0,10
2020-07-27,7,321,0,10
2020-07-28,8,329,0,10
2020-07-29,6,335,0,10
2020-07-30,6,341,0,10
2020-07-31,8,349,0,10
2020-08-01,4,353,0,10
2020-08-02,4,357,0,10
2020-08-03,10,367,0,10
2020-08-04,6,373,0,10
2020-08-05,7,380,0,10
2020-08-06,2,382,0,10
2020-08-07,24,406,0,10
2020-08-08,9,415,0,10
2020-08-09,7,422,2,12
2020-08-10,10,432,1,13
2020-08-11,17,449,0,13
2020-08-12,6,455,0,13
2020-08-13,16,471,0,13
2020-08-14,9,480,0,13
2020-08-15,5,485,0,13
2020-08-16,5,490,0,13
2020-08-17,1,491,1,14
2020-08-18,3,494,0,14
2020-08-19,3,497,0,14
2020-08-20,8,505,0,14
2020-08-21,3,508,0,14
2020-08-22,5,513,0,14
2020-08-23,2,515,0,14
2020-08-24,4,519,1,15
2020-08-25,2,521,0,15
2020-08-26,4,525,0,15
2020-08-27,6,531,0,15
2020-08-28,5,536,0,15
2020-08-29,3,539,0,15
2020-08-30,0,539,0,15
2020-08-31,2,541,0,15
2020-09-01,8,549,0,15
2020-09-02,2,551,0,15
2020-09-03,4,555,0,15
2020-09-04,2,557,0,15
2020-09-05,4,561,0,15
2020-09-06,7,568,0,15
2020-09-07,1,569,0,15
2020-09-08,0,569,1,16
2020-09-09,6,575,0,16
2020-09-10,5,580,0,16
2020-09-11,8,588,0,16
2020-09-12,3,591,0,16
2020-09-13,2,593,0,16
2020-09-14,1,594,0,16
2020-09-15,2,596,0,16
2020-09-16,4,600,0,16
2020-09-17,2,602,0,16
2020-09-18,6,608,0,16
2020-09-19,3,611,0,16
2020-09-20,2,613,0,16
2020-09-21,0,613,0,16
2020-09-22,1,614,0,16
2020-09-23,4,618,0,16
2020-09-24,6,624,0,16
2020-09-25,3,627,0,16
2020-09-26,3,630,0,16
2020-09-27,0,630,0,16
2020-09-28,3,633,1,17
2020-09-29,4,637,0,17
2020-09-30,8,645,0,17
2020-10-01,1,646,0,17
2020-10-02,6,652,0,17
2020-10-03,3,655,0,17
2020-10-04,0,655,0,17
2020-10-05,5,660,0,17
2020-10-06,2,662,0,17
2020-10-07,17,679,0,17
2020-10-08,5,684,0,17
2020-10-09,3,687,0,17
2020-10-10,1,688,0,17
2020-10-11,1,689,0,17
2020-10-12,0,689,0,17
2020-10-13,0,689,2,19
2020-10-14,3,692,1,20
2020-10-15,4,696,0,20
2020-10-16,9,705,0,20
2020-10-17,5,710,0,20
2020-10-18,0,710,0,20
2020-10-19,1,711,0,20
2020-10-20,3,714,0,20
2020-10-21,9,723,0,20
2020-10-22,2,725,0,20
2020-10-23,2,727,0,20
2020-10-24,2,729,0,20
2020-10-25,4,733,0,20
2020-10-26,1,734,1,21
2020-10-27,2,736,0,21
2020-10-28,6,742,0,21
2020-10-29,4,746,0,21
2020-10-30,2,748,0,21
2020-10-31,1,749,0,21
2020-11-01,2,751,1,22
2020-11-02,1,752,0,22
2020-11-03,0,752,0,22
2020-11-04,1,753,1,23
2020-11-05,4,757,0,23
2020-11-06,3,760,0,23
2020-11-07,6,766,0,23
2020-11-08,1,767,0,23
2020-11-09,2,769,0,23
2020-11-10,1,770,0,23
2020-11-11,1,771,0,23
2020-11-12,2,773,0,23
2020-11-13,12,785,0,23
2020-11-14,8,793,0,23
2020-11-15,21,814,0,23
2020-11-16,0,814,0,23
2020-11-17,1,815,0,23
2020-11-18,22,837,0,23
2020-11-19,13,850,0,23
2020-11-20,22,872,0,23
2020-11-21,6,878,0,23
2020-11-22,10,888,0,23
2020-11-23,18,906,0,23
2020-11-24,1,907,0,23
2020-11-25,6,913,0,23
2020-11-26,2,915,0,23
2020-11-27,30,945,0,23
2020-11-28,31,976,0,23
2020-11-29,19,995,0,23
2020-11-30,34,1029,0,23
2020-12-01,4,1033,0,23
2020-12-02,4,1037,0,23
2020-12-03,7,1044,0,23
2020-12-04,5,1049,1,24
2020-12-05,2,1051,0,24
2020-12-06,15,1066,0,24
2020-12-07,24,1090,0,24
2020-12-08,28,1118,0,24
2020-12-09,36,1154,0,24
2020-12-10,26,1180,1,25
2020-12-11,18,1198,0,25
2020-12-12,35,1233,0,25
2020-12-13,1,1234,0,25
2020-12-14,44,1278,0,25
2020-12-15,3,1281,0,25
2020-12-16,16,1297,1,26
2020-12-17,12,1309,1,27
2020-12-18,2,1311,0,27
2020-12-19,7,1318,0,27
2020-12-20,11,1329,0,27
2020-12-21,9,1338,0,27
2020-12-22,2,1340,0,27
2020-12-23,1,1341,0,27
2020-12-24,2,1343,1,28
2020-12-25,1,1344,0,28
2020-12-26,12,1356,0,28
2020-12-27,8,1364,1,29
2020-12-28,2,1366,0,29
2020-12-29,4,1370,0,29
2020-12-30,12,1382,1,30
2020-12-31,5,1387,0,30
2021-01-01,14,1401,0,30
2021-01-02,1,1402,1,31
2021-01-03,0,1402,0,31
2021-01-04,3,1405,0,31
2021-01-05,1,1406,0,31
2021-01-06,13,1419,0,31
2021-01-07,1,1420,1,32
2021-01-08,16,1436,0,32
2021-01-09,11,1447,0,32
2021-01-10,7,1454,0,32
2021-01-11,0,1454,0,32
2021-01-12,1,1455,0,32
2021-01-13,18,1473,0,32
2021-01-14,32,1505,0,32
2021-01-15,18,1523,0,32
2021-01-16,5,1528,0,32
2021-01-17,11,1539,0,32
2021-01-18,12,1551,0,32
2021-01-19,12,1563,0,32
2021-01-20,4,1567,0,32
2021-01-21,6,1573,0,32
2021-01-22,7,1580,1,33
2021-01-23,0,1580,0,33
2021-01-24,8,1588,0,33
2021-01-25,2,1590,0,33
2021-01-26,4,1594,1,34
2021-01-27,8,1602,0,34
2021-01-28,6,1608,0,34
2021-01-29,0,1608,0,34
2021-01-30,16,1624,0,34
2021-01-31,0,1624,0,34
2021-02-01,4,1628,0,34
2021-02-02,0,1628,0,34
2021-02-03,8,1636,0,34
2021-02-04,5,1641,0,34
2021-02-05,3,1644,0,34
2021-02-06,7,1651,1,35
2021-02-07,6,1657,0,35
2021-02-08,0,1657,0,35
2021-02-09,2,1659,1,36
2021-02-10,15,1674,0,36
2021-02-11,0,1674,1,37
2021-02-12,5,1679,0,37
2021-02-13,1,1680,0,37
2021-02-14,1,1681,0,37
2021-02-15,2,1683,1,38
2021-02-16,0,1683,0,38
2021-02-17,0,1683,0,38
2021-02-18,10,1693,1,39
2021-02-19,8,1701,0,39
2021-02-20,7,1708,0,39
2021-02-21,25,1733,2,41
2021-02-22,5,1738,0,41
2021-02-23,3,1741,0,41
2021-02-24,16,1757,0,41
2021-02-25,2,1759,0,41
2021-02-26,11,1770,0,41
2021-02-27,8,1778,1,42
2021-02-28,6,1784,0,42
2021-03-01,8,1792,0,42
2021-03-02,0,1792,0,42
2021-03-03,0,1792,0,42
2021-03-04,14,1806,0,42
2021-03-05,11,1817,0,42
2021-03-06,2,1819,0,42
2021-03-07,4,1823,0,42
2021-03-08,25,1848,1,43
2021-03-09,6,1854,0,43
2021-03-10,3,1857,0,43
2021-03-11,17,1874,1,44
2021-03-12,12,1886,0,44
2021-03-13,1,1887,0,44
2021-03-14,27,1914,0,44
2021-03-15,34,1948,0,44
2021-03-16,5,1953,0,44
2021-03-17,3,1956,0,44
2021-03-18,4,1960,1,45
2021-03-19,51,2011,0,45
2021-03-20,12,2023,0,45
2021-03-21,28,2051,0,45
2021-03-22,54,2105,2,47
2021-03-23,4,2109,0,47
2021-03-24,9,2118,2,49
2021-03-25,27,2145,0,49
2021-03-26,17,2162,0,49
2021-03-27,34,2196,2,51
2021-03-28,1,2197,0,51
2021-03-29,20,2217,0,51
2021-03-30,7,2224,0,51
2021-03-31,1,2225,5,56
2021-04-01,7,2232,0,56
2021-04-02,23,2255,0,56
2021-04-03,31,2286,0,56
2021-04-04,0,2286,1,57
2021-04-05,14,2300,0,57
2021-04-06,6,2306,0,57
2021-04-07,4,2310,0,57
2021-04-08,15,2325,0,57
2021-04-09,3,2328,0,57
2021-04-10,28,2356,1,58
2021-04-11,6,2362,0,58
2021-04-12,6,2368,1,59
2021-04-13,1,2369,1,60
2021-04-14,1,2370,0,60
2021-04-15,6,2376,0,60
2021-04-16,3,2379,0,60
2021-04-17,19,2398,0,60
2021-04-18,3,2401,1,61
2021-04-19,0,2401,0,61
2021-04-20,2,2403,0,61
2021-04-21,0,2403,0,61
2021-04-22,1,2404,0,61
2021-04-23,1,2405,0,61
2021-04-24,0,2405,0,61
2021-04-25,5,2410,0,61
2021-04-26,26,2436,0,61
