,casosNovos,casosAcumulados,obitosNovos,obitosAcumulados
2020-03-29,1,1,0,0
2020-03-30,0,1,0,0
2020-03-31,0,1,0,0
2020-04-01,0,1,0,0
2020-04-02,0,1,0,0
2020-04-03,0,1,0,0
2020-04-04,0,1,0,0
2020-04-05,0,1,0,0
2020-04-06,0,1,0,0
2020-04-07,1,2,0,0
2020-04-08,0,2,0,0
2020-04-09,0,2,0,0
2020-04-10,0,2,0,0
2020-04-11,0,2,0,0
2020-04-12,0,2,0,0
2020-04-13,0,2,0,0
2020-04-14,0,2,0,0
2020-04-15,1,3,0,0
2020-04-16,0,3,0,0
2020-04-17,1,4,0,0
2020-04-18,0,4,0,0
2020-04-19,0,4,0,0
2020-04-20,0,4,0,0
2020-04-21,0,4,0,0
2020-04-22,0,4,0,0
2020-04-23,0,4,0,0
2020-04-24,0,4,0,0
2020-04-25,0,4,0,0
2020-04-26,0,4,0,0
2020-04-27,0,4,0,0
2020-04-28,0,4,0,0
2020-04-29,0,4,0,0
2020-04-30,0,4,0,0
2020-05-01,0,4,0,0
2020-05-02,0,4,0,0
2020-05-03,0,4,0,0
2020-05-04,0,4,0,0
2020-05-05,0,4,0,0
2020-05-06,0,4,0,0
2020-05-07,0,4,0,0
2020-05-08,0,4,0,0
2020-05-09,0,4,0,0
2020-05-10,0,4,0,0
2020-05-11,0,4,0,0
2020-05-12,0,4,0,0
2020-05-13,0,4,0,0
2020-05-14,0,4,0,0
2020-05-15,0,4,0,0
2020-05-16,0,4,0,0
2020-05-17,0,4,0,0
2020-05-18,0,4,0,0
2020-05-19,0,4,0,0
2020-05-20,0,4,0,0
2020-05-21,1,5,0,0
2020-05-22,0,5,0,0
2020-05-23,0,5,0,0
2020-05-24,0,5,0,0
2020-05-25,0,5,0,0
2020-05-26,0,5,0,0
2020-05-27,2,7,0,0
2020-05-28,0,7,0,0
2020-05-29,0,7,0,0
2020-05-30,0,7,0,0
2020-05-31,0,7,0,0
2020-06-01,0,7,0,0
2020-06-02,0,7,0,0
2020-06-03,0,7,0,0
2020-06-04,0,7,0,0
2020-06-05,0,7,0,0
2020-06-06,1,8,0,0
2020-06-07,0,8,0,0
2020-06-08,0,8,0,0
2020-06-09,2,10,0,0
2020-06-10,0,10,0,0
2020-06-11,0,10,0,0
2020-06-12,10,20,0,0
2020-06-13,1,21,0,0
2020-06-14,0,21,0,0
2020-06-15,1,22,0,0
2020-06-16,2,24,0,0
2020-06-17,7,31,0,0
2020-06-18,4,35,0,0
2020-06-19,3,38,0,0
2020-06-20,0,38,0,0
2020-06-21,4,42,0,0
2020-06-22,6,48,0,0
2020-06-23,1,49,0,0
2020-06-24,7,56,0,0
2020-06-25,2,58,0,0
2020-06-26,4,62,0,0
2020-06-27,2,64,0,0
2020-06-28,8,72,0,0
2020-06-29,11,83,0,0
2020-06-30,11,94,0,0
2020-07-01,3,97,0,0
2020-07-02,8,105,0,0
2020-07-03,6,111,0,0
2020-07-04,8,119,0,0
2020-07-05,0,119,0,0
2020-07-06,12,131,1,1
2020-07-07,4,135,0,1
2020-07-08,17,152,1,2
2020-07-09,15,167,0,2
2020-07-10,7,174,0,2
2020-07-11,0,174,0,2
2020-07-12,17,191,0,2
2020-07-13,5,196,0,2
2020-07-14,10,206,2,4
2020-07-15,10,216,0,4
2020-07-16,8,224,0,4
2020-07-17,18,242,1,5
2020-07-18,28,270,1,6
2020-07-19,1,271,0,6
2020-07-20,16,287,0,6
2020-07-21,12,299,0,6
2020-07-22,4,303,1,7
2020-07-23,23,326,0,7
2020-07-24,12,338,0,7
2020-07-25,1,339,1,8
2020-07-26,16,355,0,8
2020-07-27,25,380,0,8
2020-07-28,14,394,1,9
2020-07-29,14,408,0,9
2020-07-30,40,448,1,10
2020-07-31,13,461,0,10
2020-08-01,24,485,0,10
2020-08-02,6,491,0,10
2020-08-03,10,501,1,11
2020-08-04,16,517,0,11
2020-08-05,5,522,0,11
2020-08-06,29,551,1,12
2020-08-07,8,559,0,12
2020-08-08,9,568,0,12
2020-08-09,7,575,0,12
2020-08-10,23,598,1,13
2020-08-11,4,602,0,13
2020-08-12,38,640,0,13
2020-08-13,9,649,1,14
2020-08-14,9,658,1,15
2020-08-15,23,681,0,15
2020-08-16,21,702,0,15
2020-08-17,3,705,0,15
2020-08-18,12,717,0,15
2020-08-19,28,745,0,15
2020-08-20,22,767,0,15
2020-08-21,14,781,0,15
2020-08-22,10,791,1,16
2020-08-23,9,800,1,17
2020-08-24,4,804,0,17
2020-08-25,7,811,1,18
2020-08-26,13,824,0,18
2020-08-27,15,839,0,18
2020-08-28,2,841,1,19
2020-08-29,16,857,2,21
2020-08-30,11,868,0,21
2020-08-31,4,872,0,21
2020-09-01,13,885,0,21
2020-09-02,4,889,1,22
2020-09-03,7,896,0,22
2020-09-04,10,906,1,23
2020-09-05,14,920,1,24
2020-09-06,8,928,0,24
2020-09-07,6,934,0,24
2020-09-08,1,935,0,24
2020-09-09,1,936,0,24
2020-09-10,22,958,1,25
2020-09-11,5,963,0,25
2020-09-12,14,977,0,25
2020-09-13,8,985,0,25
2020-09-14,0,985,0,25
2020-09-15,0,985,0,25
2020-09-16,8,993,0,25
2020-09-17,15,1008,0,25
2020-09-18,10,1018,0,25
2020-09-19,12,1030,0,25
2020-09-20,1,1031,0,25
2020-09-21,0,1031,0,25
2020-09-22,7,1038,0,25
2020-09-23,7,1045,0,25
2020-09-24,8,1053,0,25
2020-09-25,1,1054,0,25
2020-09-26,13,1067,2,27
2020-09-27,4,1071,0,27
2020-09-28,2,1073,0,27
2020-09-29,13,1086,0,27
2020-09-30,3,1089,0,27
2020-10-01,6,1095,0,27
2020-10-02,5,1100,0,27
2020-10-03,9,1109,0,27
2020-10-04,0,1109,0,27
2020-10-05,1,1110,0,27
2020-10-06,6,1116,0,27
2020-10-07,5,1121,0,27
2020-10-08,11,1132,0,27
2020-10-09,4,1136,0,27
2020-10-10,10,1146,0,27
2020-10-11,1,1147,0,27
2020-10-12,3,1150,0,27
2020-10-13,2,1152,0,27
2020-10-14,2,1154,0,27
2020-10-15,6,1160,0,27
2020-10-16,5,1165,0,27
2020-10-17,7,1172,0,27
2020-10-18,26,1198,0,27
2020-10-19,12,1210,0,27
2020-10-20,1,1211,0,27
2020-10-21,18,1229,0,27
2020-10-22,17,1246,1,28
2020-10-23,13,1259,0,28
2020-10-24,20,1279,0,28
2020-10-25,4,1283,0,28
2020-10-26,2,1285,0,28
2020-10-27,9,1294,1,29
2020-10-28,0,1294,0,29
2020-10-29,19,1313,0,29
2020-10-30,11,1324,0,29
2020-10-31,7,1331,0,29
2020-11-01,22,1353,1,30
2020-11-02,1,1354,0,30
2020-11-03,3,1357,0,30
2020-11-04,4,1361,1,31
2020-11-05,0,1361,0,31
2020-11-06,20,1381,0,31
2020-11-07,1,1382,2,33
2020-11-08,16,1398,0,33
2020-11-09,5,1403,0,33
2020-11-10,1,1404,0,33
2020-11-11,20,1424,0,33
2020-11-12,13,1437,0,33
2020-11-13,0,1437,0,33
2020-11-14,9,1446,0,33
2020-11-15,29,1475,0,33
2020-11-16,4,1479,0,33
2020-11-17,2,1481,0,33
2020-11-18,43,1524,0,33
2020-11-19,22,1546,0,33
2020-11-20,2,1548,1,34
2020-11-21,17,1565,0,34
2020-11-22,21,1586,0,34
2020-11-23,23,1609,0,34
2020-11-24,0,1609,2,36
2020-11-25,32,1641,0,36
2020-11-26,5,1646,0,36
2020-11-27,31,1677,0,36
2020-11-28,1,1678,0,36
2020-11-29,20,1698,0,36
2020-11-30,9,1707,0,36
2020-12-01,1,1708,1,37
2020-12-02,27,1735,1,38
2020-12-03,3,1738,0,38
2020-12-04,3,1741,0,38
2020-12-05,23,1764,0,38
2020-12-06,7,1771,1,39
2020-12-07,19,1790,2,41
2020-12-08,10,1800,0,41
2020-12-09,35,1835,0,41
2020-12-10,17,1852,0,41
2020-12-11,14,1866,2,43
2020-12-12,1,1867,0,43
2020-12-13,11,1878,0,43
2020-12-14,26,1904,0,43
2020-12-15,14,1918,0,43
2020-12-16,23,1941,0,43
2020-12-17,11,1952,0,43
2020-12-18,8,1960,0,43
2020-12-19,12,1972,1,44
2020-12-20,0,1972,1,45
2020-12-21,23,1995,1,46
2020-12-22,1,1996,0,46
2020-12-23,3,1999,1,47
2020-12-24,3,2002,0,47
2020-12-25,24,2026,1,48
2020-12-26,17,2043,0,48
2020-12-27,1,2044,1,49
2020-12-28,1,2045,1,50
2020-12-29,1,2046,0,50
2020-12-30,19,2065,0,50
2020-12-31,19,2084,0,50
2021-01-01,10,2094,0,50
2021-01-02,6,2100,1,51
2021-01-03,0,2100,0,51
2021-01-04,8,2108,0,51
2021-01-05,19,2127,0,51
2021-01-06,14,2141,0,51
2021-01-07,9,2150,0,51
2021-01-08,6,2156,1,52
2021-01-09,14,2170,0,52
2021-01-10,0,2170,0,52
2021-01-11,14,2184,1,53
2021-01-12,23,2207,0,53
2021-01-13,20,2227,1,54
2021-01-14,1,2228,0,54
2021-01-15,4,2232,0,54
2021-01-16,5,2237,0,54
2021-01-17,15,2252,1,55
2021-01-18,0,2252,0,55
2021-01-19,21,2273,0,55
2021-01-20,1,2274,0,55
2021-01-21,22,2296,0,55
2021-01-22,1,2297,0,55
2021-01-23,11,2308,0,55
2021-01-24,9,2317,0,55
2021-01-25,4,2321,0,55
2021-01-26,0,2321,0,55
2021-01-27,6,2327,0,55
2021-01-28,6,2333,0,55
2021-01-29,11,2344,0,55
2021-01-30,9,2353,0,55
2021-01-31,3,2356,1,56
2021-02-01,0,2356,0,56
2021-02-02,0,2356,0,56
2021-02-03,4,2360,0,56
2021-02-04,6,2366,0,56
2021-02-05,0,2366,0,56
2021-02-06,7,2373,0,56
2021-02-07,7,2380,0,56
2021-02-08,0,2380,0,56
2021-02-09,3,2383,0,56
2021-02-10,3,2386,0,56
2021-02-11,2,2388,0,56
2021-02-12,0,2388,0,56
2021-02-13,8,2396,0,56
2021-02-14,6,2402,0,56
2021-02-15,8,2410,0,56
2021-02-16,0,2410,0,56
2021-02-17,1,2411,0,56
2021-02-18,5,2416,0,56
2021-02-19,16,2432,0,56
2021-02-20,17,2449,0,56
2021-02-21,1,2450,0,56
2021-02-22,24,2474,1,57
2021-02-23,15,2489,0,57
2021-02-24,4,2493,0,57
2021-02-25,25,2518,0,57
2021-02-26,18,2536,0,57
2021-02-27,36,2572,0,57
2021-02-28,29,2601,0,57
2021-03-01,26,2627,0,57
2021-03-02,2,2629,0,57
2021-03-03,12,2641,0,57
2021-03-04,17,2658,1,58
2021-03-05,72,2730,1,59
2021-03-06,2,2732,0,59
2021-03-07,51,2783,0,59
2021-03-08,20,2803,1,60
2021-03-09,41,2844,0,60
2021-03-10,123,2967,1,61
2021-03-11,15,2982,3,64
2021-03-12,83,3065,0,64
2021-03-13,12,3077,1,65
2021-03-14,46,3123,0,65
2021-03-15,53,3176,2,67
2021-03-16,47,3223,2,69
2021-03-17,33,3256,2,71
2021-03-18,76,3332,0,71
2021-03-19,40,3372,2,73
2021-03-20,41,3413,0,73
2021-03-21,53,3466,2,75
2021-03-22,3,3469,0,75
2021-03-23,87,3556,2,77
2021-03-24,71,3627,1,78
2021-03-25,5,3632,1,79
2021-03-26,41,3673,1,80
2021-03-27,11,3684,0,80
2021-03-28,20,3704,0,80
2021-03-29,39,3743,3,83
2021-03-30,6,3749,3,86
2021-03-31,39,3788,3,89
2021-04-01,14,3802,0,89
2021-04-02,26,3828,2,91
2021-04-03,8,3836,2,93
2021-04-04,10,3846,2,95
2021-04-05,26,3872,2,97
2021-04-06,29,3901,0,97
2021-04-07,32,3933,2,99
2021-04-08,7,3940,1,100
2021-04-09,32,3972,2,102
2021-04-10,17,3989,1,103
2021-04-11,1,3990,1,104
2021-04-12,0,3990,1,105
2021-04-13,6,3996,0,105
2021-04-14,56,4052,0,105
2021-04-15,32,4084,0,105
2021-04-16,5,4089,0,105
2021-04-17,38,4127,1,106
2021-04-18,5,4132,0,106
2021-04-19,0,4132,0,106
2021-04-20,15,4147,0,106
2021-04-21,29,4176,1,107
2021-04-22,0,4176,0,107
2021-04-23,28,4204,0,107
2021-04-24,8,4212,0,107
2021-04-25,16,4228,0,107
2021-04-26,3,4231,0,107
