,casosNovos,casosAcumulados,obitosNovos,obitosAcumulados
2020-03-28,1,1,0,0
2020-03-29,0,1,0,0
2020-03-30,1,2,0,0
2020-03-31,3,5,0,0
2020-04-01,0,5,0,0
2020-04-02,3,8,0,0
2020-04-03,1,9,0,0
2020-04-04,0,9,0,0
2020-04-05,0,9,0,0
2020-04-06,0,9,0,0
2020-04-07,2,11,0,0
2020-04-08,2,13,0,0
2020-04-09,1,14,0,0
2020-04-10,1,15,0,0
2020-04-11,4,19,0,0
2020-04-12,0,19,0,0
2020-04-13,0,19,0,0
2020-04-14,2,21,0,0
2020-04-15,1,22,0,0
2020-04-16,0,22,0,0
2020-04-17,0,22,0,0
2020-04-18,0,22,0,0
2020-04-19,0,22,0,0
2020-04-20,0,22,0,0
2020-04-21,0,22,0,0
2020-04-22,2,24,0,0
2020-04-23,1,25,0,0
2020-04-24,3,28,0,0
2020-04-25,2,30,0,0
2020-04-26,0,30,0,0
2020-04-27,3,33,0,0
2020-04-28,4,37,1,1
2020-04-29,2,39,0,1
2020-04-30,2,41,0,1
2020-05-01,2,43,0,1
2020-05-02,0,43,0,1
2020-05-03,0,43,0,1
2020-05-04,9,52,0,1
2020-05-05,1,53,0,1
2020-05-06,1,54,0,1
2020-05-07,3,57,0,1
2020-05-08,2,59,1,2
2020-05-09,4,63,0,2
2020-05-10,0,63,1,3
2020-05-11,1,64,0,3
2020-05-12,3,67,0,3
2020-05-13,6,73,0,3
2020-05-14,5,78,0,3
2020-05-15,8,86,0,3
2020-05-16,0,86,0,3
2020-05-17,0,86,1,4
2020-05-18,6,92,0,4
2020-05-19,4,96,0,4
2020-05-20,16,112,0,4
2020-05-21,9,121,0,4
2020-05-22,8,129,0,4
2020-05-23,3,132,0,4
2020-05-24,2,134,0,4
2020-05-25,6,140,0,4
2020-05-26,2,142,0,4
2020-05-27,11,153,0,4
2020-05-28,10,163,0,4
2020-05-29,66,229,0,4
2020-05-30,5,234,0,4
2020-05-31,17,251,1,5
2020-06-01,17,268,0,5
2020-06-02,19,287,0,5
2020-06-03,12,299,0,5
2020-06-04,17,316,0,5
2020-06-05,16,332,1,6
2020-06-06,10,342,2,8
2020-06-07,13,355,1,9
2020-06-08,28,383,1,10
2020-06-09,24,407,0,10
2020-06-10,33,440,1,11
2020-06-11,5,445,0,11
2020-06-12,26,471,1,12
2020-06-13,18,489,1,13
2020-06-14,9,498,0,13
2020-06-15,31,529,0,13
2020-06-16,22,551,2,15
2020-06-17,45,596,1,16
2020-06-18,20,616,2,18
2020-06-19,16,632,1,19
2020-06-20,23,655,2,21
2020-06-21,5,660,1,22
2020-06-22,33,693,3,25
2020-06-23,29,722,2,27
2020-06-24,28,750,0,27
2020-06-25,20,770,0,27
2020-06-26,36,806,2,29
2020-06-27,10,816,1,30
2020-06-28,33,849,1,31
2020-06-29,44,893,1,32
2020-06-30,23,916,1,33
2020-07-01,36,952,1,34
2020-07-02,66,1018,2,36
2020-07-03,64,1082,2,38
2020-07-04,42,1124,1,39
2020-07-05,16,1140,2,41
2020-07-06,58,1198,2,43
2020-07-07,55,1253,2,45
2020-07-08,46,1299,3,48
2020-07-09,91,1390,1,49
2020-07-10,38,1428,1,50
2020-07-11,24,1452,3,53
2020-07-12,23,1475,3,56
2020-07-13,38,1513,4,60
2020-07-14,82,1595,2,62
2020-07-15,52,1647,0,62
2020-07-16,44,1691,1,63
2020-07-17,49,1740,0,63
2020-07-18,27,1767,2,65
2020-07-19,9,1776,3,68
2020-07-20,65,1841,1,69
2020-07-21,57,1898,4,73
2020-07-22,48,1946,1,74
2020-07-23,72,2018,0,74
2020-07-24,37,2055,3,77
2020-07-25,13,2068,0,77
2020-07-26,47,2115,2,79
2020-07-27,68,2183,4,83
2020-07-28,83,2266,1,84
2020-07-29,44,2310,3,87
2020-07-30,106,2416,1,88
2020-07-31,103,2519,4,92
2020-08-01,44,2563,3,95
2020-08-02,18,2581,4,99
2020-08-03,64,2645,4,103
2020-08-04,56,2701,1,104
2020-08-05,55,2756,3,107
2020-08-06,35,2791,4,111
2020-08-07,70,2861,1,112
2020-08-08,61,2922,2,114
2020-08-09,32,2954,2,116
2020-08-10,32,2986,3,119
2020-08-11,55,3041,2,121
2020-08-12,69,3110,0,121
2020-08-13,50,3160,1,122
2020-08-14,54,3214,2,124
2020-08-15,46,3260,0,124
2020-08-16,52,3312,1,125
2020-08-17,70,3382,2,127
2020-08-18,65,3447,1,128
2020-08-19,101,3548,1,129
2020-08-20,77,3625,2,131
2020-08-21,79,3704,0,131
2020-08-22,67,3771,1,132
2020-08-23,64,3835,2,134
2020-08-24,48,3883,1,135
2020-08-25,69,3952,1,136
2020-08-26,47,3999,3,139
2020-08-27,41,4040,0,139
2020-08-28,66,4106,1,140
2020-08-29,66,4172,1,141
2020-08-30,39,4211,3,144
2020-08-31,47,4258,3,147
2020-09-01,25,4283,0,147
2020-09-02,68,4351,2,149
2020-09-03,61,4412,0,149
2020-09-04,46,4458,2,151
2020-09-05,43,4501,1,152
2020-09-06,19,4520,0,152
2020-09-07,6,4526,0,152
2020-09-08,17,4543,0,152
2020-09-09,28,4571,1,153
2020-09-10,131,4702,0,153
2020-09-11,58,4760,0,153
2020-09-12,9,4769,0,153
2020-09-13,83,4852,2,155
2020-09-14,21,4873,2,157
2020-09-15,28,4901,1,158
2020-09-16,45,4946,4,162
2020-09-17,64,5010,2,164
2020-09-18,42,5052,0,164
2020-09-19,24,5076,1,165
2020-09-20,30,5106,1,166
2020-09-21,39,5145,2,168
2020-09-22,54,5199,2,170
2020-09-23,18,5217,0,170
2020-09-24,27,5244,0,170
2020-09-25,52,5296,4,174
2020-09-26,29,5325,2,176
2020-09-27,64,5389,3,179
2020-09-28,16,5405,2,181
2020-09-29,17,5422,2,183
2020-09-30,28,5450,2,185
2020-10-01,52,5502,1,186
2020-10-02,60,5562,2,188
2020-10-03,81,5643,1,189
2020-10-04,19,5662,0,189
2020-10-05,24,5686,1,190
2020-10-06,43,5729,1,191
2020-10-07,25,5754,0,191
2020-10-08,25,5779,2,193
2020-10-09,20,5799,1,194
2020-10-10,24,5823,2,196
2020-10-11,7,5830,2,198
2020-10-12,4,5834,0,198
2020-10-13,7,5841,1,199
2020-10-14,19,5860,1,200
2020-10-15,11,5871,0,200
2020-10-16,26,5897,1,201
2020-10-17,30,5927,0,201
2020-10-18,18,5945,0,201
2020-10-19,47,5992,0,201
2020-10-20,4,5996,3,204
2020-10-21,50,6046,0,204
2020-10-22,53,6099,0,204
2020-10-23,8,6107,0,204
2020-10-24,24,6131,0,204
2020-10-25,19,6150,1,205
2020-10-26,9,6159,0,205
2020-10-27,32,6191,2,207
2020-10-28,6,6197,0,207
2020-10-29,22,6219,1,208
2020-10-30,34,6253,1,209
2020-10-31,15,6268,1,210
2020-11-01,20,6288,0,210
2020-11-02,2,6290,2,212
2020-11-03,19,6309,0,212
2020-11-04,33,6342,0,212
2020-11-05,102,6444,1,213
2020-11-06,18,6462,1,214
2020-11-07,53,6515,1,215
2020-11-08,41,6556,0,215
2020-11-09,12,6568,0,215
2020-11-10,40,6608,0,215
2020-11-11,79,6687,2,217
2020-11-12,108,6795,0,217
2020-11-13,99,6894,1,218
2020-11-14,71,6965,2,220
2020-11-15,49,7014,0,220
2020-11-16,48,7062,2,222
2020-11-17,75,7137,1,223
2020-11-18,52,7189,1,224
2020-11-19,102,7291,0,224
2020-11-20,19,7310,0,224
2020-11-21,196,7506,0,224
2020-11-22,77,7583,3,227
2020-11-23,95,7678,2,229
2020-11-24,71,7749,1,230
2020-11-25,133,7882,2,232
2020-11-26,90,7972,1,233
2020-11-27,44,8016,0,233
2020-11-28,17,8033,0,233
2020-11-29,266,8299,3,236
2020-11-30,56,8355,2,238
2020-12-01,123,8478,1,239
2020-12-02,57,8535,1,240
2020-12-03,99,8634,2,242
2020-12-04,28,8662,3,245
2020-12-05,201,8863,2,247
2020-12-06,239,9102,2,249
2020-12-07,149,9251,2,251
2020-12-08,130,9381,2,253
2020-12-09,197,9578,0,253
2020-12-10,178,9756,2,255
2020-12-11,140,9896,4,259
2020-12-12,171,10067,2,261
2020-12-13,44,10111,4,265
2020-12-14,47,10158,1,266
2020-12-15,108,10266,4,270
2020-12-16,92,10358,2,272
2020-12-17,141,10499,2,274
2020-12-18,50,10549,0,274
2020-12-19,138,10687,4,278
2020-12-20,45,10732,3,281
2020-12-21,105,10837,2,283
2020-12-22,52,10889,1,284
2020-12-23,114,11003,1,285
2020-12-24,23,11026,3,288
2020-12-25,1,11027,3,291
2020-12-26,27,11054,1,292
2020-12-27,98,11152,3,295
2020-12-28,44,11196,3,298
2020-12-29,68,11264,3,301
2020-12-30,131,11395,1,302
2020-12-31,14,11409,2,304
2021-01-01,61,11470,1,305
2021-01-02,53,11523,0,305
2021-01-03,24,11547,0,305
2021-01-04,84,11631,2,307
2021-01-05,90,11721,0,307
2021-01-06,45,11766,0,307
2021-01-07,77,11843,0,307
2021-01-08,82,11925,0,307
2021-01-09,74,11999,2,309
2021-01-10,6,12005,2,311
2021-01-11,124,12129,0,311
2021-01-12,130,12259,1,312
2021-01-13,11,12270,0,312
2021-01-14,101,12371,1,313
2021-01-15,55,12426,0,313
2021-01-16,40,12466,3,316
2021-01-17,65,12531,1,317
2021-01-18,58,12589,0,317
2021-01-19,43,12632,3,320
2021-01-20,13,12645,3,323
2021-01-21,61,12706,0,323
2021-01-22,20,12726,2,325
2021-01-23,22,12748,0,325
2021-01-24,34,12782,0,325
2021-01-25,57,12839,3,328
2021-01-26,49,12888,3,331
2021-01-27,18,12906,1,332
2021-01-28,67,12973,1,333
2021-01-29,47,13020,0,333
2021-01-30,31,13051,5,338
2021-01-31,33,13084,0,338
2021-02-01,53,13137,2,340
2021-02-02,58,13195,0,340
2021-02-03,11,13206,0,340
2021-02-04,71,13277,2,342
2021-02-05,48,13325,2,344
2021-02-06,49,13374,2,346
2021-02-07,25,13399,3,349
2021-02-08,82,13481,0,349
2021-02-09,18,13499,3,352
2021-02-10,75,13574,0,352
2021-02-11,66,13640,0,352
2021-02-12,9,13649,3,355
2021-02-13,82,13731,0,355
2021-02-14,8,13739,1,356
2021-02-15,30,13769,2,358
2021-02-16,20,13789,0,358
2021-02-17,82,13871,1,359
2021-02-18,70,13941,1,360
2021-02-19,115,14056,0,360
2021-02-20,76,14132,1,361
2021-02-21,63,14195,1,362
2021-02-22,113,14308,0,362
2021-02-23,49,14357,3,365
2021-02-24,118,14475,1,366
2021-02-25,63,14538,1,367
2021-02-26,71,14609,1,368
2021-02-27,76,14685,1,369
2021-02-28,72,14757,4,373
2021-03-01,97,14854,1,374
2021-03-02,97,14951,2,376
2021-03-03,160,15111,3,379
2021-03-04,35,15146,3,382
2021-03-05,101,15247,1,383
2021-03-06,74,15321,3,386
2021-03-07,9,15330,2,388
2021-03-08,37,15367,4,392
2021-03-09,195,15562,3,395
2021-03-10,143,15705,5,400
2021-03-11,42,15747,1,401
2021-03-12,136,15883,2,403
2021-03-13,120,16003,6,409
2021-03-14,114,16117,6,415
2021-03-15,59,16176,5,420
2021-03-16,138,16314,3,423
2021-03-17,147,16461,6,429
2021-03-18,78,16539,7,436
2021-03-19,138,16677,5,441
2021-03-20,113,16790,4,445
2021-03-21,56,16846,4,449
2021-03-22,114,16960,2,451
2021-03-23,142,17102,5,456
2021-03-24,88,17190,4,460
2021-03-25,125,17315,11,471
2021-03-26,98,17413,9,480
2021-03-27,80,17493,7,487
2021-03-28,110,17603,0,487
2021-03-29,115,17718,8,495
2021-03-30,54,17772,4,499
2021-03-31,106,17878,3,502
2021-04-01,29,17907,2,504
2021-04-02,78,17985,0,504
2021-04-03,90,18075,1,505
2021-04-04,26,18101,4,509
2021-04-05,48,18149,5,514
2021-04-06,75,18224,1,515
2021-04-07,59,18283,2,517
2021-04-08,57,18340,2,519
2021-04-09,17,18357,6,525
2021-04-10,51,18408,3,528
2021-04-11,51,18459,2,530
2021-04-12,35,18494,5,535
2021-04-13,44,18538,1,536
2021-04-14,68,18606,3,539
2021-04-15,90,18696,4,543
2021-04-16,50,18746,2,545
2021-04-17,25,18771,2,547
2021-04-18,39,18810,3,550
2021-04-19,21,18831,6,556
2021-04-20,36,18867,3,559
2021-04-21,46,18913,1,560
2021-04-22,66,18979,0,560
2021-04-23,16,18995,0,560
2021-04-24,11,19006,2,562
2021-04-25,55,19061,1,563
2021-04-26,25,19086,0,563
